name,FP,TP,FN,Total
parest_r_base.icc_x64_O0-m64.newgt,0,61862,0,61862
parest_r_base.icc_x86_O0-m32.newgt,1,61828,1,61829
blender_r_base.icc_x86_O0-m32.newgt,2618,50831,0,50831
blender_r_base.icc_x64_O0-m64.newgt,0,50775,0,50775
blender_r_base.icc_x86_O1-m32.newgt,1759,44903,166,45069
blender_r_base.icc_x64_O1-m64.newgt,0,41148,17,41165
blender_r_base.icc_x86_O3-m32.newgt,218,38107,46,38153
blender_r_base.icc_x86_O2-m32.newgt,217,38108,42,38150
blender_r_base.icc_x64_O3-m64.newgt,9,37743,1,37744
blender_r_base.icc_x64_O2-m64.newgt,9,37740,1,37741
Xalan_base.x32_O0_icc.newgt,1,32493,83,32576
cpuxalan_r_base.icc_x86_O0-m32.newgt,1,32452,83,32535
Xalan_base.x64_O0_icc.newgt,0,32517,0,32517
cpuxalan_r_base.icc_x64_O0-m64.newgt,0,32473,0,32473
parest_r_base.icc_x86_O1-m32.newgt,10,26876,268,27144
cpugcc_r_base.icc_x86_O0-m32.newgt,3,26837,5,26842
cpugcc_r_base.icc_x64_O0-m64.newgt,0,26836,0,26836
sgcc_base.icc_x64_O0-m64.newgt,0,26836,0,26836
parest_r_base.icc_x64_O1-m64.newgt,0,25864,207,26071
parest_r_base.icc_x86_O2-m32.newgt,11,22364,106,22470
parest_r_base.icc_x86_O3-m32.newgt,12,22361,107,22468
parest_r_base.icc_x64_O2-m64.newgt,8,22337,26,22363
parest_r_base.icc_x64_O3-m64.newgt,8,22337,26,22363
cpuxalan_r_base.icc_x86_O1-m32.newgt,2,20885,737,21622
dealII_base.x64_O0_icc.newgt,0,21370,0,21370
dealII_base.x32_O0_icc.newgt,1,21357,0,21357
Xalan_base.x32_O1_icc.newgt,2,20145,768,20913
cpugcc_r_base.icc_x86_O1-m32.newgt,11,17722,23,17745
cpuxalan_r_base.icc_x64_O1-m64.newgt,2,16288,986,17274
Xalan_base.x64_O1_icc.newgt,0,16276,927,17203
cpuxalan_r_base.icc_x86_O2-m32.newgt,19,16607,257,16864
cpuxalan_r_base.icc_x86_O3-m32.newgt,19,16609,255,16864
Xalan_base.x32_O3_icc.newgt,12,16383,293,16676
Xalan_base.x32_O2_icc.newgt,12,16382,293,16675
cpuxalan_r_base.icc_x64_O2-m64.newgt,8,16061,1,16062
cpuxalan_r_base.icc_x64_O3-m64.newgt,8,16061,1,16062
Xalan_base.x64_O2_icc.newgt,103,15949,7,15956
Xalan_base.x64_O3_icc.newgt,103,15949,7,15956
sgcc_base.icc_x64_O1-m64.newgt,0,15499,0,15499
cpugcc_r_base.icc_x64_O1-m64.newgt,0,14928,0,14928
cpugcc_r_base.icc_x86_O2-m32.newgt,130,13424,32,13456
cpugcc_r_base.icc_x86_O3-m32.newgt,133,13425,31,13456
sgcc_base.icc_x64_O2-m64.newgt,8,13319,1,13320
sgcc_base.icc_x64_O3-m64.newgt,8,13319,1,13320
omnetpp_r_base.icc_x86_O0-m32.newgt,1,13025,16,13041
omnetpp_r_base.icc_x64_O0-m64.newgt,0,13018,0,13018
cpugcc_r_base.icc_x64_O2-m64.newgt,8,12578,1,12579
cpugcc_r_base.icc_x64_O3-m64.newgt,8,12578,1,12579
dealII_base.x32_O1_icc.newgt,1,10359,161,10520
wrf_r_base.icc_x86_O1-m32.newgt,42,10310,33,10343
dealII_base.x64_O1_icc.newgt,0,10039,98,10137
wrf_r_base.icc_x86_O3-m32.newgt,80,9358,28,9386
wrf_r_base.icc_x86_O2-m32.newgt,86,9351,28,9379
omnetpp_r_base.icc_x86_O1-m32.newgt,1,9118,102,9220
dealII_base.x64_O2_icc.newgt,103,9110,13,9123
dealII_base.x64_O3_icc.newgt,103,9110,13,9123
dealII_base.x32_O2_icc.newgt,8,9048,41,9089
dealII_base.x32_O3_icc.newgt,9,9045,44,9089
wrf_r_base.icc_x86_O0-m32.newgt,42,8714,33,8747
wrf_r_base.icc_x64_O0-m64.newgt,12,8628,1,8629
wrf_r_base.icc_x64_O3-m64.newgt,9,8609,1,8610
wrf_r_base.icc_x64_O2-m64.newgt,9,8597,1,8598
diffwrf_521_base.icc_x86_O1-m32.newgt,36,8481,29,8510
wrf_r_base.icc_x64_O1-m64.newgt,12,8502,1,8503
diffwrf_521_base.icc_x86_O3-m32.newgt,69,7828,27,7855
diffwrf_521_base.icc_x86_O2-m32.newgt,69,7822,27,7849
omnetpp_r_base.icc_x64_O1-m64.newgt,0,7413,309,7722
omnetpp_r_base.icc_x86_O3-m32.newgt,43,7620,62,7682
omnetpp_r_base.icc_x86_O2-m32.newgt,43,7620,61,7681
diffwrf_521_base.icc_x86_O0-m32.newgt,34,7408,33,7441
diffwrf_521_base.icc_x64_O0-m64.newgt,12,7329,1,7330
diffwrf_521_base.icc_x64_O3-m64.newgt,9,7284,1,7285
omnetpp_r_base.icc_x64_O2-m64.newgt,8,7278,2,7280
omnetpp_r_base.icc_x64_O3-m64.newgt,8,7278,2,7280
diffwrf_521_base.icc_x64_O2-m64.newgt,9,7272,1,7273
diffwrf_521_base.icc_x64_O1-m64.newgt,12,7212,1,7213
tonto_base.x32_O1_icc.newgt,27,7084,41,7125
cam4_r_base.icc_x86_O1-m32.newgt,28,6544,24,6568
cam4_r_base.icc_x86_O2-m32.newgt,79,5796,27,5823
cam4_r_base.icc_x86_O3-m32.newgt,79,5794,27,5821
gcc_base.x32_O1_icc.newgt,6,5577,158,5735
cam4_r_base.icc_x86_O0-m32.newgt,28,5623,27,5650
gcc_base.x32_O0_icc.newgt,3,5626,0,5626
gcc_base.x64_O0_icc.newgt,0,5620,0,5620
cam4_r_base.icc_x64_O0-m64.newgt,12,5569,2,5571
tonto_base.x32_O2_icc.newgt,27,5508,30,5538
tonto_base.x32_O3_icc.newgt,27,5506,30,5536
cam4_r_base.icc_x64_O2-m64.newgt,9,5425,1,5426
cam4_r_base.icc_x64_O3-m64.newgt,9,5424,1,5425
cam4_r_base.icc_x64_O1-m64.newgt,12,5397,1,5398
gamess_base.x32_O1_icc.newgt,35,5355,30,5385
tonto_base.x64_O2_icc.newgt,104,4916,1,4917
tonto_base.x64_O3_icc.newgt,104,4916,1,4917
tonto_base.x32_O0_icc.newgt,25,4885,30,4915
gcc_base.x64_O1_icc.newgt,0,4864,0,4864
tonto_base.x64_O0_icc.newgt,106,4819,1,4820
tonto_base.x64_O1_icc.newgt,106,4819,1,4820
gcc_base.x32_O2_icc.newgt,56,4787,5,4792
gcc_base.x32_O3_icc.newgt,56,4787,5,4792
speed_pop2_base.icc_x64_O0-m64.newgt,199,4569,1,4570
gamess_base.x32_O3_icc.newgt,40,4421,32,4453
gamess_base.x32_O2_icc.newgt,40,4416,32,4448
gcc_base.x64_O2_icc.newgt,103,4435,1,4436
gcc_base.x64_O3_icc.newgt,103,4435,1,4436
speed_pop2_base.icc_x64_O2-m64.newgt,207,4414,1,4415
speed_pop2_base.icc_x64_O3-m64.newgt,207,4414,1,4415
speed_pop2_base.icc_x64_O1-m64.newgt,199,4407,1,4408
wrf_base.x32_O1_icc.newgt,25,4061,23,4084
wrf_base.x32_O2_icc.newgt,57,3869,28,3897
wrf_base.x32_O3_icc.newgt,57,3864,28,3892
wrf_base.x32_O0_icc.newgt,25,3811,23,3834
cactusBSSN_r_base.icc_x86_O0-m32.newgt,1,3831,0,3831
wrf_base.x64_O0_icc.newgt,107,3775,1,3776
cactusBSSN_r_base.icc_x64_O0-m64.newgt,0,3761,0,3761
wrf_base.x64_O2_icc.newgt,104,3707,1,3708
wrf_base.x64_O3_icc.newgt,104,3702,1,3703
cactusBSSN_r_base.icc_x86_O1-m32.newgt,8,3647,5,3652
gamess_base.x64_O2_icc.newgt,104,3636,13,3649
gamess_base.x64_O3_icc.newgt,104,3636,13,3649
wrf_base.x64_O1_icc.newgt,107,3629,1,3630
gamess_base.x32_O0_icc.newgt,46,3450,34,3484
gamess_base.x64_O1_icc.newgt,111,3414,10,3424
gamess_base.x64_O0_icc.newgt,106,3414,9,3423
perlbench_r_base.icc_x86_O1-m32.newgt,4,3381,8,3389
imagick_r_base.icc_x86_O0-m32.newgt,1,3209,5,3214
cactusBSSN_r_base.icc_x64_O1-m64.newgt,0,3174,5,3179
imagick_r_base.icc_x64_O0-m64.newgt,0,3177,0,3177
perlbench_r_base.icc_x86_O0-m32.newgt,166,3159,5,3164
perlbench_r_base.icc_x64_O0-m64.newgt,0,3145,0,3145
cactusBSSN_r_base.icc_x86_O2-m32.newgt,9,3140,2,3142
cactusBSSN_r_base.icc_x86_O3-m32.newgt,9,3139,3,3142
cactusBSSN_r_base.icc_x64_O2-m64.newgt,8,3129,1,3130
cactusBSSN_r_base.icc_x64_O3-m64.newgt,8,3129,1,3130
omnetpp_base.x32_O0_icc.newgt,1,3103,5,3108
omnetpp_base.x64_O0_icc.newgt,0,3086,0,3086
imagick_r_base.icc_x86_O1-m32.newgt,1,3030,7,3037
omnetpp_base.x32_O1_icc.newgt,1,2870,27,2897
perlbench_r_base.icc_x64_O1-m64.newgt,0,2888,0,2888
perlbench_r_base.icc_x86_O2-m32.newgt,20,2836,10,2846
perlbench_r_base.icc_x86_O3-m32.newgt,20,2836,10,2846
gobmk_base.x32_O0_icc.newgt,1,2727,5,2732
gobmk_base.x64_O0_icc.newgt,0,2730,0,2730
gobmk_base.x32_O1_icc.newgt,1,2711,5,2716
perlbench_r_base.icc_x64_O2-m64.newgt,8,2687,1,2688
perlbench_r_base.icc_x64_O3-m64.newgt,8,2687,1,2688
gobmk_base.x64_O1_icc.newgt,0,2599,0,2599
imagick_r_base.icc_x64_O1-m64.newgt,0,2567,0,2567
gobmk_base.x64_O2_icc.newgt,72,2560,1,2561
gobmk_base.x64_O3_icc.newgt,72,2560,1,2561
gobmk_base.x32_O3_icc.newgt,23,2555,2,2557
gobmk_base.x32_O2_icc.newgt,23,2554,2,2556
imagick_r_base.icc_x86_O2-m32.newgt,18,2478,9,2487
imagick_r_base.icc_x86_O3-m32.newgt,16,2478,9,2487
omnetpp_base.x32_O2_icc.newgt,7,2473,12,2485
omnetpp_base.x32_O3_icc.newgt,7,2472,13,2485
imagick_r_base.icc_x64_O2-m64.newgt,8,2441,1,2442
imagick_r_base.icc_x64_O3-m64.newgt,8,2441,1,2442
icc_binutils_32_O0_as-new.newgt,13,2438,0,2438
icc_binutils_64_O0_as-new.newgt,0,2430,0,2430
icc_binutils_32_O1_as-new.newgt,0,2388,18,2406
omnetpp_base.x64_O2_icc.newgt,103,2395,1,2396
omnetpp_base.x64_O3_icc.newgt,103,2395,1,2396
omnetpp_base.x64_O1_icc.newgt,0,2319,70,2389
povray_base.x32_O1_icc.newgt,1,2353,26,2379
povray_r_base.icc_x86_O1-m32.newgt,1,2332,29,2361
povray_base.x32_O0_icc.newgt,1,2297,5,2302
povray_base.x64_O0_icc.newgt,0,2296,0,2296
perlbench_base.x32_O1_icc.newgt,64,2253,41,2294
povray_r_base.icc_x86_O0-m32.newgt,1,2275,5,2280
povray_r_base.icc_x64_O0-m64.newgt,0,2267,0,2267
icc_binutils_32_O0_objdump.newgt,41,2259,0,2259
icc_binutils_32_O0_ld-new.newgt,18,2256,0,2256
icc_binutils_64_O0_objdump.newgt,0,2251,0,2251
icc_binutils_64_O0_ld-new.newgt,0,2248,0,2248
icc_binutils_32_O1_ld-new.newgt,0,2176,18,2194
icc_binutils_32_O1_objdump.newgt,0,2175,17,2192
calculix_base.x32_O1_icc.newgt,28,2151,28,2179
cactusADM_base.x32_O1_icc.newgt,28,2117,30,2147
icc_binutils_64_O1_as-new.newgt,0,2086,0,2086
povray_base.x32_O2_icc.newgt,7,2064,11,2075
povray_base.x32_O3_icc.newgt,7,2064,11,2075
povray_r_base.icc_x86_O2-m32.newgt,11,2039,14,2053
icc_binutils_32_O0_objcopy.newgt,42,2029,0,2029
icc_binutils_32_O0_strip-new.newgt,42,2029,0,2029
icc_binutils_64_O0_objcopy.newgt,0,2021,0,2021
icc_binutils_64_O0_strip-new.newgt,0,2021,0,2021
calculix_base.x32_O0_icc.newgt,25,1983,28,2011
perlbench_base.x32_O0_icc.newgt,81,1988,5,1993
perlbench_base.x64_O0_icc.newgt,0,1981,0,1981
icc_binutils_32_O2_as-new.newgt,6,1957,9,1966
icc_binutils_32_O3_as-new.newgt,6,1957,9,1966
icc_binutils_32_O1_objcopy.newgt,0,1948,16,1964
icc_binutils_32_O1_strip-new.newgt,0,1948,16,1964
cactusADM_base.x32_O0_icc.newgt,25,1932,28,1960
povray_base.x64_O1_icc.newgt,0,1923,37,1960
icc_binutils_64_O1_objdump.newgt,0,1953,0,1953
perlbench_base.x32_O2_icc.newgt,9,1943,7,1950
perlbench_base.x32_O3_icc.newgt,9,1943,7,1950
calculix_base.x64_O0_icc.newgt,106,1948,1,1949
povray_base.x64_O2_icc.newgt,103,1944,1,1945
povray_base.x64_O3_icc.newgt,103,1944,1,1945
povray_r_base.icc_x64_O1-m64.newgt,0,1901,37,1938
icc_binutils_64_O1_ld-new.newgt,0,1928,0,1928
povray_r_base.icc_x64_O2-m64.newgt,8,1902,1,1903
povray_r_base.icc_x64_O3-m64.newgt,8,1902,1,1903
perlbench_base.x64_O1_icc.newgt,0,1901,0,1901
cactusADM_base.x64_O0_icc.newgt,106,1898,1,1899
calculix_base.x32_O2_icc.newgt,24,1869,25,1894
calculix_base.x32_O3_icc.newgt,24,1869,25,1894
perlbench_base.x64_O2_icc.newgt,103,1880,1,1881
perlbench_base.x64_O3_icc.newgt,103,1880,1,1881
calculix_base.x64_O2_icc.newgt,104,1878,1,1879
calculix_base.x64_O3_icc.newgt,104,1878,1,1879
calculix_base.x64_O1_icc.newgt,106,1877,1,1878
icc_binutils_64_O2_as-new.newgt,2,1860,1,1861
icc_binutils_64_O3_as-new.newgt,2,1860,1,1861
icc_binutils_32_O2_objdump.newgt,6,1824,8,1832
icc_binutils_32_O3_objdump.newgt,6,1824,8,1832
icc_binutils_32_O2_ld-new.newgt,6,1822,8,1830
icc_binutils_32_O3_ld-new.newgt,6,1822,8,1830
cactusADM_base.x64_O2_icc.newgt,105,1826,1,1827
cactusADM_base.x64_O3_icc.newgt,105,1826,1,1827
cactusADM_base.x64_O1_icc.newgt,106,1825,1,1826
cactusADM_base.x32_O2_icc.newgt,26,1779,28,1807
cactusADM_base.x32_O3_icc.newgt,25,1779,28,1807
icc_binutils_32_O0_gprof.newgt,11,1782,0,1782
icc_binutils_64_O0_gprof.newgt,0,1774,0,1774
icc_binutils_32_O0_ar.newgt,12,1771,0,1771
icc_binutils_32_O0_ranlib.newgt,12,1771,0,1771
icc_binutils_64_O0_ar.newgt,0,1763,0,1763
icc_binutils_64_O0_ranlib.newgt,0,1763,0,1763
icc_binutils_64_O2_objdump.newgt,2,1758,1,1759
icc_binutils_64_O3_objdump.newgt,2,1758,1,1759
icc_binutils_32_O1_ar.newgt,0,1729,16,1745
icc_binutils_32_O1_ranlib.newgt,0,1729,16,1745
icc_binutils_64_O1_objcopy.newgt,0,1742,0,1742
icc_binutils_64_O1_strip-new.newgt,0,1742,0,1742
icc_binutils_64_O2_ld-new.newgt,2,1739,1,1740
icc_binutils_64_O3_ld-new.newgt,2,1739,1,1740
icc_binutils_32_O1_gprof.newgt,26,1718,16,1734
leela_r_base.icc_x64_O0-m64.newgt,0,1727,0,1727
leela_r_base.icc_x86_O0-m32.newgt,1,1725,0,1725
icc_binutils_32_O0_nm-new.newgt,11,1721,0,1721
icc_binutils_64_O0_nm-new.newgt,0,1713,0,1713
icc_binutils_32_O0_size.newgt,11,1702,0,1702
icc_binutils_64_O0_size.newgt,0,1694,0,1694
icc_binutils_32_O0_addr2line.newgt,11,1689,0,1689
icc_binutils_32_O0_strings.newgt,11,1689,0,1689
icc_binutils_32_O1_nm-new.newgt,0,1672,16,1688
icc_binutils_32_O0_cxxfilt.newgt,11,1687,0,1687
icc_binutils_64_O0_addr2line.newgt,0,1681,0,1681
icc_binutils_64_O0_strings.newgt,0,1681,0,1681
icc_binutils_64_O0_cxxfilt.newgt,0,1679,0,1679
icc_binutils_32_O1_size.newgt,0,1657,16,1673
icc_binutils_32_O1_strings.newgt,0,1645,16,1661
icc_binutils_32_O1_addr2line.newgt,0,1644,16,1660
icc_binutils_32_O1_cxxfilt.newgt,0,1642,16,1658
gromacs_base.x32_O0_icc.newgt,2,1656,0,1656
gromacs_base.x64_O0_icc.newgt,0,1636,0,1636
icc_binutils_32_O2_objcopy.newgt,6,1627,8,1635
icc_binutils_32_O2_strip-new.newgt,6,1627,8,1635
icc_binutils_32_O3_objcopy.newgt,6,1627,8,1635
icc_binutils_32_O3_strip-new.newgt,6,1627,8,1635
soplex_base.x32_O0_icc.newgt,1,1601,5,1606
soplex_base.x64_O0_icc.newgt,0,1601,0,1601
gromacs_base.x32_O1_icc.newgt,1,1570,0,1570
icc_binutils_64_O2_objcopy.newgt,2,1563,1,1564
icc_binutils_64_O2_strip-new.newgt,2,1563,1,1564
icc_binutils_64_O3_objcopy.newgt,2,1563,1,1564
icc_binutils_64_O3_strip-new.newgt,2,1563,1,1564
icc_binutils_64_O1_ar.newgt,0,1520,0,1520
icc_binutils_64_O1_ranlib.newgt,0,1520,0,1520
icc_binutils_64_O1_gprof.newgt,0,1515,0,1515
cam4_validate_527_base.icc_x86_O0-m32.newgt,24,1454,23,1477
icc_binutils_64_O1_nm-new.newgt,0,1474,0,1474
cam4_validate_527_base.icc_x86_O1-m32.newgt,24,1441,23,1464
icc_binutils_64_O1_size.newgt,0,1459,0,1459
icc_binutils_32_O2_ar.newgt,6,1439,10,1449
icc_binutils_32_O2_ranlib.newgt,6,1439,10,1449
icc_binutils_32_O3_ar.newgt,6,1439,10,1449
icc_binutils_32_O3_ranlib.newgt,6,1439,10,1449
icc_binutils_64_O1_strings.newgt,0,1448,0,1448
icc_binutils_64_O1_addr2line.newgt,0,1447,0,1447
icc_binutils_64_O1_cxxfilt.newgt,0,1445,0,1445
icc_binutils_32_O2_gprof.newgt,14,1424,7,1431
icc_binutils_32_O3_gprof.newgt,14,1424,7,1431
cam4_validate_527_base.icc_x64_O0-m64.newgt,11,1427,1,1428
icc_binutils_32_O2_nm-new.newgt,6,1392,7,1399
icc_binutils_32_O3_nm-new.newgt,6,1392,7,1399
icc_binutils_32_O2_size.newgt,6,1378,7,1385
icc_binutils_32_O3_size.newgt,6,1378,7,1385
icc_binutils_32_O2_strings.newgt,6,1370,7,1377
icc_binutils_32_O3_strings.newgt,6,1370,7,1377
icc_binutils_32_O2_addr2line.newgt,6,1369,7,1376
icc_binutils_32_O3_addr2line.newgt,6,1369,7,1376
icc_binutils_32_O2_cxxfilt.newgt,6,1367,7,1374
icc_binutils_32_O3_cxxfilt.newgt,6,1367,7,1374
icc_binutils_64_O2_ar.newgt,2,1373,1,1374
icc_binutils_64_O2_ranlib.newgt,2,1373,1,1374
icc_binutils_64_O3_ar.newgt,2,1373,1,1374
icc_binutils_64_O3_ranlib.newgt,2,1373,1,1374
icc_binutils_64_O2_gprof.newgt,2,1361,1,1362
icc_binutils_64_O3_gprof.newgt,2,1361,1,1362
gromacs_base.x64_O1_icc.newgt,0,1336,0,1336
icc_binutils_64_O2_nm-new.newgt,2,1330,1,1331
icc_binutils_64_O3_nm-new.newgt,2,1330,1,1331
icc_binutils_64_O2_size.newgt,2,1317,1,1318
icc_binutils_64_O3_size.newgt,2,1317,1,1318
icc_binutils_64_O2_strings.newgt,2,1309,1,1310
icc_binutils_64_O3_strings.newgt,2,1309,1,1310
icc_binutils_64_O2_addr2line.newgt,2,1308,1,1309
icc_binutils_64_O3_addr2line.newgt,2,1308,1,1309
icc_binutils_64_O2_cxxfilt.newgt,2,1306,1,1307
icc_binutils_64_O3_cxxfilt.newgt,2,1306,1,1307
cam4_validate_527_base.icc_x86_O2-m32.newgt,54,1264,23,1287
cam4_validate_527_base.icc_x86_O3-m32.newgt,54,1264,23,1287
cam4_validate_527_base.icc_x64_O1-m64.newgt,11,1273,1,1274
soplex_base.x32_O1_icc.newgt,1,1258,14,1272
cam4_validate_527_base.icc_x64_O2-m64.newgt,9,1198,1,1199
cam4_validate_527_base.icc_x64_O3-m64.newgt,9,1198,1,1199
gromacs_base.x64_O2_icc.newgt,72,1160,1,1161
gromacs_base.x64_O3_icc.newgt,72,1160,1,1161
gromacs_base.x32_O2_icc.newgt,7,1144,5,1149
gromacs_base.x32_O3_icc.newgt,7,1145,4,1149
roms_r_base.icc_x86_O1-m32.newgt,24,1108,28,1136
roms_r_base.icc_x86_O0-m32.newgt,24,1103,29,1132
roms_r_base.icc_x86_O2-m32.newgt,23,1053,28,1081
roms_r_base.icc_x86_O3-m32.newgt,23,1053,28,1081
roms_r_base.icc_x64_O1-m64.newgt,11,1058,1,1059
roms_r_base.icc_x64_O2-m64.newgt,9,1058,1,1059
roms_r_base.icc_x64_O3-m64.newgt,9,1058,1,1059
sroms_base.icc_x64_O1-m64.newgt,38,1058,1,1059
sroms_base.icc_x64_O2-m64.newgt,36,1058,1,1059
sroms_base.icc_x64_O3-m64.newgt,36,1058,1,1059
roms_r_base.icc_x64_O0-m64.newgt,11,1056,1,1057
sroms_base.icc_x64_O0-m64.newgt,38,1056,1,1057
soplex_base.x64_O1_icc.newgt,0,1015,23,1038
soplex_base.x32_O2_icc.newgt,14,1014,3,1017
soplex_base.x32_O3_icc.newgt,14,1014,3,1017
ldecod_r_base.icc_x86_O0-m32.newgt,3,1006,5,1011
ldecod_r_base.icc_x64_O0-m64.newgt,0,1008,0,1008
ldecod_r_base.icc_x86_O1-m32.newgt,1,1000,6,1006
soplex_base.x64_O2_icc.newgt,72,1002,1,1003
soplex_base.x64_O3_icc.newgt,72,1002,1,1003
x264_r_base.icc_x86_O0-m32.newgt,1,943,5,948
x264_r_base.icc_x64_O0-m64.newgt,0,943,0,943
x264_r_base.icc_x86_O1-m32.newgt,1,820,5,825
h264ref_base.x32_O1_icc.newgt,1,779,5,784
ldecod_r_base.icc_x64_O1-m64.newgt,0,779,0,779
ldecod_r_base.icc_x86_O2-m32.newgt,10,748,2,750
ldecod_r_base.icc_x86_O3-m32.newgt,8,748,2,750
GemsFDTD_base.x32_O0_icc.newgt,25,721,28,749
x264_r_base.icc_x64_O1-m64.newgt,0,743,0,743
ldecod_r_base.icc_x64_O2-m64.newgt,8,735,1,736
ldecod_r_base.icc_x64_O3-m64.newgt,8,735,1,736
GemsFDTD_base.x32_O1_icc.newgt,25,706,27,733
GemsFDTD_base.x32_O3_icc.newgt,24,696,32,728
GemsFDTD_base.x32_O2_icc.newgt,24,689,32,721
leela_r_base.icc_x86_O1-m32.newgt,1,702,10,712
x264_r_base.icc_x64_O2-m64.newgt,8,704,1,705
x264_r_base.icc_x64_O3-m64.newgt,8,704,1,705
GemsFDTD_base.x64_O3_icc.newgt,104,695,1,696
GemsFDTD_base.x64_O2_icc.newgt,104,687,1,688
icc_findutils_64_O0_find.newgt,0,688,0,688
icc_findutils_64_O0_oldfind.newgt,0,678,0,678
zeusmp_base.x32_O0_icc.newgt,25,648,29,677
GemsFDTD_base.x64_O0_icc.newgt,106,673,1,674
x264_r_base.icc_x86_O2-m32.newgt,9,670,2,672
x264_r_base.icc_x86_O3-m32.newgt,8,670,2,672
GemsFDTD_base.x64_O1_icc.newgt,106,668,1,669
fotonik3d_r_base.icc_x86_O2-m32.newgt,27,636,32,668
fotonik3d_r_base.icc_x86_O3-m32.newgt,27,636,32,668
h264ref_base.x32_O0_icc.newgt,3,657,5,662
h264ref_base.x64_O0_icc.newgt,0,656,0,656
hmmer_base.x32_O1_icc.newgt,4,651,5,656
fotonik3d_r_base.icc_x86_O0-m32.newgt,24,626,27,653
h264ref_base.x32_O2_icc.newgt,30,646,2,648
h264ref_base.x32_O3_icc.newgt,30,646,2,648
zeusmp_base.x32_O1_icc.newgt,26,619,29,648
fotonik3d_r_base.icc_x86_O1-m32.newgt,24,602,32,634
h264ref_base.x64_O2_icc.newgt,72,631,1,632
h264ref_base.x64_O3_icc.newgt,72,631,1,632
hmmer_base.x64_O2_icc.newgt,103,630,1,631
hmmer_base.x64_O3_icc.newgt,103,630,1,631
fotonik3d_r_base.icc_x64_O2-m64.newgt,9,625,1,626
fotonik3d_r_base.icc_x64_O3-m64.newgt,9,625,1,626
leslie3d_base.x32_O0_icc.newgt,25,589,29,618
hmmer_base.x32_O2_icc.newgt,10,604,7,611
hmmer_base.x32_O3_icc.newgt,10,604,7,611
zeusmp_base.x64_O0_icc.newgt,107,606,1,607
h264ref_base.x64_O1_icc.newgt,0,603,0,603
hmmer_base.x32_O0_icc.newgt,10,598,5,603
hmmer_base.x64_O0_icc.newgt,0,598,0,598
zeusmp_base.x64_O1_icc.newgt,107,596,2,598
fotonik3d_r_base.icc_x64_O1-m64.newgt,11,590,1,591
fotonik3d_r_base.icc_x64_O0-m64.newgt,11,589,1,590
zeusmp_base.x32_O2_icc.newgt,24,555,24,579
zeusmp_base.x32_O3_icc.newgt,24,555,24,579
hmmer_base.x64_O1_icc.newgt,0,564,0,564
xz_r_base.icc_x86_O0-m32.newgt,10,554,0,554
leela_r_base.icc_x64_O1-m64.newgt,0,544,7,551
xz_r_base.icc_x64_O0-m64.newgt,0,549,0,549
icc_findutils_64_O1_find.newgt,0,548,0,548
icc_findutils_64_O1_oldfind.newgt,0,548,0,548
leslie3d_base.x64_O0_icc.newgt,104,546,1,547
zeusmp_base.x64_O2_icc.newgt,104,540,2,542
zeusmp_base.x64_O3_icc.newgt,104,540,2,542
icc_findutils_32_O0_find.newgt,0,532,0,532
icc_findutils_32_O0_oldfind.newgt,0,522,0,522
leslie3d_base.x32_O2_icc.newgt,24,495,23,518
leslie3d_base.x32_O3_icc.newgt,24,495,23,518
leslie3d_base.x32_O1_icc.newgt,25,493,23,516
leela_r_base.icc_x86_O2-m32.newgt,6,501,3,504
leela_r_base.icc_x86_O3-m32.newgt,6,501,3,504
leslie3d_base.x64_O2_icc.newgt,104,501,1,502
leslie3d_base.x64_O3_icc.newgt,104,501,1,502
leslie3d_base.x64_O1_icc.newgt,104,496,1,497
icc_findutils_32_O1_oldfind.newgt,0,491,0,491
icc_findutils_32_O1_find.newgt,0,490,0,490
xz_r_base.icc_x86_O1-m32.newgt,11,489,1,490
sphinx_livepretend_base.x32_O1_icc.newgt,13,482,5,487
bwaves_base.x32_O0_icc.newgt,24,446,28,474
bwaves_base.x32_O2_icc.newgt,24,451,23,474
bwaves_base.x32_O3_icc.newgt,24,451,23,474
exchange2_r_base.icc_x86_O0-m32.newgt,24,448,23,471
bwaves_r_base.icc_x86_O0-m32.newgt,23,440,28,468
icc_findutils_64_O2_oldfind.newgt,2,467,1,468
icc_findutils_64_O3_oldfind.newgt,2,467,1,468
exchange2_r_base.icc_x86_O1-m32.newgt,24,443,23,466
exchange2_r_base.icc_x86_O2-m32.newgt,23,442,23,465
exchange2_r_base.icc_x86_O3-m32.newgt,23,442,23,465
sphinx_livepretend_base.x32_O0_icc.newgt,2,457,5,462
icc_findutils_64_O2_find.newgt,2,460,1,461
icc_findutils_64_O3_find.newgt,2,460,1,461
leela_r_base.icc_x64_O2-m64.newgt,8,459,2,461
leela_r_base.icc_x64_O3-m64.newgt,8,459,2,461
bwaves_base.x32_O1_icc.newgt,24,433,24,457
bwaves_r_base.icc_x86_O2-m32.newgt,23,431,23,454
bwaves_r_base.icc_x86_O3-m32.newgt,23,431,23,454
bwaves_r_base.icc_x86_O1-m32.newgt,23,428,23,451
bwaves_base.x64_O2_icc.newgt,104,444,1,445
bwaves_base.x64_O3_icc.newgt,104,444,1,445
sphinx_livepretend_base.x64_O0_icc.newgt,0,445,0,445
sphinx_livepretend_base.x64_O2_icc.newgt,72,440,1,441
sphinx_livepretend_base.x64_O3_icc.newgt,72,440,1,441
xz_r_base.icc_x64_O1-m64.newgt,0,438,0,438
icc_findutils_32_O2_oldfind.newgt,6,428,3,431
icc_findutils_32_O3_oldfind.newgt,6,428,3,431
bwaves_base.x64_O0_icc.newgt,104,428,1,429
bwaves_base.x64_O1_icc.newgt,104,428,1,429
nab_r_base.icc_x86_O0-m32.newgt,1,422,5,427
bwaves_r_base.icc_x64_O2-m64.newgt,9,424,1,425
bwaves_r_base.icc_x64_O3-m64.newgt,9,424,1,425
speed_bwaves_base.icc_x64_O2-m64.newgt,40,424,1,425
speed_bwaves_base.icc_x64_O3-m64.newgt,40,424,1,425
exchange2_r_base.icc_x64_O0-m64.newgt,9,422,1,423
icc_findutils_32_O2_find.newgt,6,420,3,423
icc_findutils_32_O3_find.newgt,6,420,3,423
bwaves_r_base.icc_x64_O0-m64.newgt,9,421,1,422
bwaves_r_base.icc_x64_O1-m64.newgt,9,421,1,422
speed_bwaves_base.icc_x64_O0-m64.newgt,40,421,1,422
speed_bwaves_base.icc_x64_O1-m64.newgt,40,421,1,422
xz_r_base.icc_x86_O2-m32.newgt,8,418,2,420
xz_r_base.icc_x86_O3-m32.newgt,8,418,2,420
sphinx_livepretend_base.x32_O2_icc.newgt,7,416,2,418
sphinx_livepretend_base.x32_O3_icc.newgt,7,416,2,418
exchange2_r_base.icc_x64_O1-m64.newgt,9,412,1,413
exchange2_r_base.icc_x64_O2-m64.newgt,9,412,1,413
exchange2_r_base.icc_x64_O3-m64.newgt,9,412,1,413
sphinx_livepretend_base.x64_O1_icc.newgt,0,413,0,413
nab_r_base.icc_x64_O0-m64.newgt,0,409,0,409
xz_r_base.icc_x64_O2-m64.newgt,8,408,1,409
xz_r_base.icc_x64_O3-m64.newgt,8,408,1,409
nab_r_base.icc_x86_O1-m32.newgt,1,398,5,403
icc_coreutils_64_O0_mv.newgt,0,394,0,394
icc_coreutils_32_O0_mv.newgt,1,371,0,371
icc_coreutils_64_O0_ginstall.newgt,0,364,0,364
icc_binutils_32_O0_readelf.newgt,0,362,0,362
icc_coreutils_32_O0_dir.newgt,1,360,0,360
icc_coreutils_32_O0_ls.newgt,1,360,0,360
icc_coreutils_32_O0_vdir.newgt,1,360,0,360
icc_coreutils_32_O0_ginstall.newgt,1,359,0,359
icc_binutils_64_O0_readelf.newgt,0,356,0,356
icc_coreutils_64_O0_cp.newgt,0,356,0,356
milc_base.x32_O1_icc.newgt,1,350,5,355
icc_coreutils_64_O0_dir.newgt,0,353,0,353
icc_coreutils_64_O0_ls.newgt,0,353,0,353
icc_coreutils_64_O0_vdir.newgt,0,353,0,353
nab_r_base.icc_x64_O1-m64.newgt,0,348,0,348
icc_coreutils_32_O1_mv.newgt,0,339,1,340
icc_coreutils_32_O1_ginstall.newgt,0,334,1,335
icc_coreutils_32_O0_cp.newgt,1,333,0,333
icc_coreutils_32_O0_du.newgt,1,330,0,330
nab_r_base.icc_x64_O2-m64.newgt,8,329,1,330
nab_r_base.icc_x64_O3-m64.newgt,8,329,1,330
icc_coreutils_32_O1_dir.newgt,0,329,0,329
icc_coreutils_32_O1_ls.newgt,0,329,0,329
icc_coreutils_32_O1_vdir.newgt,0,329,0,329
icc_coreutils_32_O0_ptx.newgt,1,327,0,327
icc_coreutils_32_O0_sort.newgt,1,327,0,327
icc_coreutils_64_O0_ptx.newgt,0,326,0,326
icc_coreutils_64_O1_mv.newgt,0,324,0,324
icc_coreutils_64_O0_du.newgt,0,323,0,323
icc_coreutils_64_O0_sort.newgt,0,323,0,323
icc_coreutils_32_O0_csplit.newgt,0,322,0,322
nab_r_base.icc_x86_O2-m32.newgt,7,315,7,322
nab_r_base.icc_x86_O3-m32.newgt,7,315,7,322
icc_coreutils_64_O0_csplit.newgt,0,317,0,317
icc_coreutils_32_O1_cp.newgt,0,315,1,316
namd_r_base.icc_x86_O0-m32.newgt,1,309,0,309
icc_findutils_64_O0_locate.newgt,0,307,0,307
icc_coreutils_32_O1_du.newgt,0,306,0,306
milc_base.x64_O2_icc.newgt,72,304,1,305
milc_base.x64_O3_icc.newgt,72,304,1,305
icc_coreutils_64_O1_ginstall.newgt,0,304,0,304
icc_coreutils_32_O1_sort.newgt,0,301,0,301
icc_coreutils_32_O1_ptx.newgt,0,300,0,300
milc_base.x32_O2_icc.newgt,7,298,2,300
milc_base.x32_O3_icc.newgt,7,298,2,300
icc_coreutils_64_O1_cp.newgt,0,299,0,299
namd_r_base.icc_x64_O0-m64.newgt,0,293,0,293
icc_coreutils_32_O2_ginstall.newgt,6,289,2,291
icc_coreutils_32_O3_ginstall.newgt,6,289,2,291
icc_coreutils_32_O0_expr.newgt,0,290,0,290
icc_coreutils_64_O1_dir.newgt,0,290,0,290
icc_coreutils_64_O1_ls.newgt,0,290,0,290
icc_coreutils_64_O1_vdir.newgt,0,290,0,290
icc_coreutils_32_O0_df.newgt,1,288,0,288
icc_coreutils_64_O0_expr.newgt,0,288,0,288
icc_coreutils_64_O2_mv.newgt,2,287,1,288
icc_coreutils_64_O3_mv.newgt,2,287,1,288
icc_coreutils_32_O0_nl.newgt,0,287,0,287
icc_coreutils_32_O2_mv.newgt,6,283,2,285
icc_coreutils_32_O3_mv.newgt,6,283,2,285
icc_coreutils_64_O0_nl.newgt,0,284,0,284
icc_coreutils_64_O0_df.newgt,0,283,0,283
icc_coreutils_32_O0_tac.newgt,0,282,0,282
icc_coreutils_32_O1_csplit.newgt,0,281,0,281
icc_coreutils_64_O2_cp.newgt,2,280,1,281
icc_coreutils_64_O2_ginstall.newgt,2,280,1,281
icc_coreutils_64_O3_cp.newgt,2,280,1,281
icc_coreutils_64_O3_ginstall.newgt,2,280,1,281
milc_base.x32_O0_icc.newgt,2,276,5,281
milc_base.x64_O1_icc.newgt,0,281,0,281
icc_coreutils_64_O0_tac.newgt,0,280,0,280
icc_coreutils_32_O2_cp.newgt,6,276,2,278
icc_coreutils_32_O3_cp.newgt,6,276,2,278
milc_base.x64_O0_icc.newgt,0,276,0,276
icc_coreutils_32_O2_dir.newgt,6,272,2,274
icc_coreutils_32_O2_ls.newgt,6,272,2,274
icc_coreutils_32_O2_vdir.newgt,6,272,2,274
icc_coreutils_32_O3_dir.newgt,6,272,2,274
icc_coreutils_32_O3_ls.newgt,6,272,2,274
icc_coreutils_32_O3_vdir.newgt,6,272,2,274
icc_coreutils_32_O1_df.newgt,0,272,0,272
icc_coreutils_64_O1_du.newgt,0,272,0,272
icc_coreutils_64_O1_ptx.newgt,0,272,0,272
namd_r_base.icc_x86_O1-m32.newgt,1,268,4,272
icc_coreutils_32_O1_expr.newgt,0,266,0,266
icc_coreutils_64_O1_sort.newgt,0,266,0,266
icc_binutils_32_O2_readelf.newgt,6,263,2,265
icc_binutils_32_O3_readelf.newgt,6,263,2,265
icc_binutils_32_O1_readelf.newgt,0,261,1,262
icc_coreutils_32_O1_nl.newgt,0,262,0,262
icc_coreutils_32_O2_du.newgt,6,256,2,258
icc_coreutils_32_O3_du.newgt,6,256,2,258
icc_coreutils_64_O1_csplit.newgt,0,256,0,256
icc_coreutils_64_O2_dir.newgt,2,254,1,255
icc_coreutils_64_O2_ls.newgt,2,254,1,255
icc_coreutils_64_O2_vdir.newgt,2,254,1,255
icc_coreutils_64_O3_dir.newgt,2,254,1,255
icc_coreutils_64_O3_ls.newgt,2,254,1,255
icc_coreutils_64_O3_vdir.newgt,2,254,1,255
icc_coreutils_32_O1_tac.newgt,0,254,0,254
icc_binutils_64_O2_readelf.newgt,2,249,1,250
icc_binutils_64_O3_readelf.newgt,2,249,1,250
icc_coreutils_32_O2_sort.newgt,6,243,2,245
icc_coreutils_32_O3_sort.newgt,6,243,2,245
icc_coreutils_64_O1_expr.newgt,0,244,0,244
icc_binutils_64_O1_readelf.newgt,0,242,0,242
icc_coreutils_32_O2_df.newgt,6,237,2,239
icc_coreutils_32_O3_df.newgt,6,237,2,239
icc_coreutils_64_O1_df.newgt,0,239,0,239
namd_r_base.icc_x64_O1-m64.newgt,0,228,11,239
icc_coreutils_64_O2_du.newgt,2,237,1,238
icc_coreutils_64_O3_du.newgt,2,237,1,238
icc_coreutils_32_O2_ptx.newgt,6,234,3,237
icc_coreutils_32_O3_ptx.newgt,6,234,3,237
icc_coreutils_64_O1_nl.newgt,0,237,0,237
icc_coreutils_32_O0_rm.newgt,1,235,0,235
icc_coreutils_32_O1_rm.newgt,0,232,0,232
icc_coreutils_64_O0_rm.newgt,0,232,0,232
icc_coreutils_64_O1_tac.newgt,0,231,0,231
icc_coreutils_32_O1_chcon.newgt,0,230,0,230
icc_coreutils_32_O0_chcon.newgt,0,229,0,229
namd_r_base.icc_x64_O2-m64.newgt,8,228,1,229
namd_r_base.icc_x64_O3-m64.newgt,8,228,1,229
icc_coreutils_64_O2_sort.newgt,2,226,1,227
icc_coreutils_64_O3_sort.newgt,2,226,1,227
icc_coreutils_64_O0_chcon.newgt,0,226,0,226
icc_findutils_64_O1_locate.newgt,0,226,0,226
namd_base.x32_O0_icc.newgt,1,226,0,226
astar_base.x32_O0_icc.newgt,1,220,5,225
icc_coreutils_32_O1_chown.newgt,0,224,0,224
icc_coreutils_32_O0_tail.newgt,1,223,0,223
icc_coreutils_32_O0_chown.newgt,0,222,0,222
icc_coreutils_32_O1_chgrp.newgt,0,222,0,222
icc_coreutils_64_O2_df.newgt,2,221,1,222
icc_coreutils_64_O3_df.newgt,2,221,1,222
icc_coreutils_32_O0_chgrp.newgt,0,220,0,220
icc_coreutils_64_O0_chown.newgt,0,218,0,218
icc_coreutils_64_O0_tail.newgt,0,218,0,218
icc_coreutils_32_O0_chmod.newgt,0,217,0,217
icc_coreutils_32_O1_chmod.newgt,0,217,0,217
icc_coreutils_64_O0_chgrp.newgt,0,216,0,216
icc_coreutils_64_O2_ptx.newgt,2,214,1,215
icc_coreutils_64_O3_ptx.newgt,2,214,1,215
icc_coreutils_32_O1_ln.newgt,0,214,0,214
icc_coreutils_64_O0_chmod.newgt,0,214,0,214
icc_coreutils_32_O2_csplit.newgt,6,210,3,213
icc_coreutils_32_O3_csplit.newgt,6,210,3,213
namd_r_base.icc_x86_O2-m32.newgt,7,211,2,213
namd_r_base.icc_x86_O3-m32.newgt,7,211,2,213
astar_base.x64_O0_icc.newgt,0,211,0,211
icc_coreutils_32_O1_realpath.newgt,0,210,0,210
libquantum_base.x32_O1_icc.newgt,1,204,6,210
namd_base.x64_O0_icc.newgt,0,210,0,210
icc_coreutils_32_O1_tail.newgt,0,209,0,209
astar_base.x32_O1_icc.newgt,1,202,5,207
icc_coreutils_64_O1_chcon.newgt,0,205,0,205
namd_base.x32_O1_icc.newgt,1,201,4,205
icc_coreutils_32_O1_shuf.newgt,0,204,0,204
icc_coreutils_32_O2_expr.newgt,6,201,3,204
icc_coreutils_32_O2_nl.newgt,6,201,3,204
icc_coreutils_32_O3_expr.newgt,6,201,3,204
icc_coreutils_32_O3_nl.newgt,6,201,3,204
icc_coreutils_64_O1_rm.newgt,0,204,0,204
sjeng_base.x32_O1_icc.newgt,1,204,0,204
icc_coreutils_32_O1_factor.newgt,0,203,0,203
icc_coreutils_32_O0_ln.newgt,1,202,0,202
icc_coreutils_32_O0_stat.newgt,0,202,0,202
icc_coreutils_32_O0_realpath.newgt,0,201,0,201
icc_coreutils_32_O2_tac.newgt,6,198,3,201
icc_coreutils_32_O3_tac.newgt,6,198,3,201
icc_coreutils_32_O0_shuf.newgt,0,200,0,200
icc_coreutils_64_O0_ln.newgt,0,199,0,199
icc_coreutils_64_O0_stat.newgt,0,199,0,199
icc_coreutils_32_O1_stat.newgt,0,198,0,198
icc_coreutils_32_O2_chcon.newgt,6,196,2,198
icc_coreutils_32_O3_chcon.newgt,6,196,2,198
icc_coreutils_64_O0_realpath.newgt,0,198,0,198
icc_findutils_64_O2_locate.newgt,2,197,1,198
icc_findutils_64_O3_locate.newgt,2,197,1,198
icc_coreutils_32_O0_factor.newgt,0,197,0,197
icc_coreutils_32_O2_rm.newgt,6,194,2,196
icc_coreutils_32_O3_rm.newgt,6,194,2,196
icc_coreutils_64_O0_shuf.newgt,0,196,0,196
icc_coreutils_64_O1_chown.newgt,0,196,0,196
icc_coreutils_64_O1_chgrp.newgt,0,194,0,194
icc_coreutils_32_O2_ln.newgt,6,191,2,193
icc_coreutils_32_O3_ln.newgt,6,191,2,193
icc_coreutils_32_O2_chown.newgt,6,190,2,192
icc_coreutils_32_O3_chown.newgt,6,190,2,192
sjeng_base.x32_O2_icc.newgt,4,191,1,192
sjeng_base.x32_O3_icc.newgt,4,191,1,192
icc_coreutils_32_O2_chgrp.newgt,6,189,2,191
icc_coreutils_32_O3_chgrp.newgt,6,189,2,191
icc_coreutils_64_O0_factor.newgt,0,191,0,191
icc_coreutils_64_O1_chmod.newgt,0,191,0,191
icc_coreutils_64_O2_csplit.newgt,2,190,1,191
icc_coreutils_64_O3_csplit.newgt,2,190,1,191
libquantum_base.x32_O0_icc.newgt,1,186,5,191
icc_coreutils_32_O2_realpath.newgt,6,188,2,190
icc_coreutils_32_O3_realpath.newgt,6,188,2,190
namd_base.x64_O2_icc.newgt,65,189,0,189
namd_base.x64_O3_icc.newgt,65,189,0,189
icc_coreutils_32_O1_od.newgt,0,187,0,187
icc_coreutils_32_O2_chmod.newgt,6,184,2,186
icc_coreutils_32_O3_chmod.newgt,6,184,2,186
icc_coreutils_32_O1_shred.newgt,0,185,0,185
icc_coreutils_32_O1_touch.newgt,0,185,0,185
icc_coreutils_64_O2_expr.newgt,2,184,1,185
icc_coreutils_64_O3_expr.newgt,2,184,1,185
icc_coreutils_32_O1_readlink.newgt,0,184,0,184
icc_coreutils_64_O1_ln.newgt,0,184,0,184
icc_coreutils_64_O2_nl.newgt,2,183,1,184
icc_coreutils_64_O3_nl.newgt,2,183,1,184
icc_coreutils_32_O2_factor.newgt,6,181,2,183
icc_coreutils_32_O3_factor.newgt,6,181,2,183
icc_coreutils_64_O1_realpath.newgt,0,183,0,183
icc_coreutils_64_O2_chcon.newgt,2,181,1,182
icc_coreutils_64_O3_chcon.newgt,2,181,1,182
icc_coreutils_64_O2_tac.newgt,2,180,1,181
icc_coreutils_64_O3_tac.newgt,2,180,1,181
icc_coreutils_64_O2_rm.newgt,2,179,1,180
icc_coreutils_64_O3_rm.newgt,2,179,1,180
icc_coreutils_32_O1_dd.newgt,0,179,0,179
icc_coreutils_32_O1_pr.newgt,0,179,0,179
icc_coreutils_32_O1_stdbuf.newgt,0,179,0,179
icc_coreutils_64_O1_tail.newgt,0,179,0,179
icc_coreutils_32_O1_cut.newgt,0,178,0,178
icc_coreutils_32_O1_numfmt.newgt,0,178,0,178
icc_coreutils_32_O2_stat.newgt,6,176,2,178
icc_coreutils_32_O3_stat.newgt,6,176,2,178
icc_coreutils_64_O1_factor.newgt,0,177,0,177
icc_coreutils_64_O2_ln.newgt,2,176,1,177
icc_coreutils_64_O3_ln.newgt,2,176,1,177
icc_coreutils_32_O0_od.newgt,0,176,0,176
icc_coreutils_32_O1_split.newgt,0,176,0,176
icc_coreutils_32_O0_split.newgt,0,175,0,175
icc_coreutils_32_O2_tail.newgt,6,173,2,175
icc_coreutils_32_O3_tail.newgt,6,173,2,175
icc_coreutils_64_O2_chown.newgt,2,174,1,175
icc_coreutils_64_O2_realpath.newgt,2,174,1,175
icc_coreutils_64_O3_chown.newgt,2,174,1,175
icc_coreutils_64_O3_realpath.newgt,2,174,1,175
icc_coreutils_32_O0_pr.newgt,0,174,0,174
icc_coreutils_32_O0_touch.newgt,1,174,0,174
icc_coreutils_32_O2_shuf.newgt,6,172,2,174
icc_coreutils_32_O3_shuf.newgt,6,172,2,174
icc_coreutils_64_O0_touch.newgt,0,174,0,174
icc_coreutils_64_O1_shuf.newgt,0,174,0,174
icc_coreutils_64_O2_chgrp.newgt,2,173,1,174
icc_coreutils_64_O3_chgrp.newgt,2,173,1,174
icc_coreutils_32_O0_dd.newgt,1,173,0,173
icc_coreutils_64_O1_stat.newgt,0,173,0,173
libquantum_base.x64_O0_icc.newgt,0,173,0,173
namd_base.x32_O2_icc.newgt,6,172,1,173
namd_base.x32_O3_icc.newgt,6,172,1,173
icc_coreutils_32_O0_numfmt.newgt,1,172,0,172
icc_coreutils_32_O2_stdbuf.newgt,6,170,2,172
icc_coreutils_32_O3_stdbuf.newgt,6,170,2,172
icc_coreutils_64_O0_od.newgt,0,172,0,172
icc_coreutils_64_O0_pr.newgt,0,172,0,172
icc_coreutils_64_O0_split.newgt,0,172,0,172
icc_coreutils_32_O0_stdbuf.newgt,0,171,0,171
icc_coreutils_64_O2_chmod.newgt,2,170,1,171
icc_coreutils_64_O3_chmod.newgt,2,170,1,171
icc_coreutils_32_O0_cut.newgt,0,170,0,170
icc_coreutils_32_O0_shred.newgt,1,170,0,170
icc_coreutils_64_O0_numfmt.newgt,0,170,0,170
namd_base.x64_O1_icc.newgt,0,159,11,170
sjeng_base.x64_O2_icc.newgt,8,169,1,170
sjeng_base.x64_O3_icc.newgt,8,169,1,170
icc_coreutils_32_O2_split.newgt,6,167,2,169
icc_coreutils_32_O3_split.newgt,6,167,2,169
icc_coreutils_64_O0_stdbuf.newgt,0,169,0,169
icc_coreutils_64_O2_factor.newgt,2,168,1,169
icc_coreutils_64_O3_factor.newgt,2,168,1,169
icc_coreutils_32_O0_readlink.newgt,0,168,0,168
icc_coreutils_32_O1_mkdir.newgt,0,168,0,168
icc_coreutils_64_O0_cut.newgt,0,168,0,168
icc_coreutils_32_O2_readlink.newgt,6,165,2,167
icc_coreutils_32_O3_readlink.newgt,6,165,2,167
icc_coreutils_64_O0_dd.newgt,0,167,0,167
icc_coreutils_32_O1_join.newgt,0,166,0,166
icc_coreutils_32_O1_stty.newgt,0,165,0,165
icc_coreutils_32_O2_od.newgt,6,163,2,165
icc_coreutils_32_O3_od.newgt,6,163,2,165
icc_coreutils_64_O0_readlink.newgt,0,165,0,165
icc_coreutils_64_O0_shred.newgt,0,164,0,164
sjeng_base.x64_O1_icc.newgt,0,164,0,164
deepsjeng_r_base.icc_x86_O1-m32.newgt,1,163,0,163
deepsjeng_r_base.icc_x86_O2-m32.newgt,2,162,1,163
deepsjeng_r_base.icc_x86_O3-m32.newgt,2,162,1,163
icc_coreutils_32_O1_uniq.newgt,0,163,0,163
icc_coreutils_32_O2_shred.newgt,6,161,2,163
icc_coreutils_32_O2_touch.newgt,6,161,2,163
icc_coreutils_32_O3_shred.newgt,6,161,2,163
icc_coreutils_32_O3_touch.newgt,6,161,2,163
icc_coreutils_64_O2_stat.newgt,2,162,1,163
icc_coreutils_64_O3_stat.newgt,2,162,1,163
icc_coreutils_32_O1_date.newgt,0,162,0,162
icc_coreutils_64_O1_od.newgt,0,161,0,161
icc_coreutils_32_O1_sha224sum.newgt,0,160,0,160
icc_coreutils_32_O1_sha256sum.newgt,0,160,0,160
icc_coreutils_32_O1_sha384sum.newgt,0,160,0,160
icc_coreutils_32_O1_sha512sum.newgt,0,160,0,160
libquantum_base.x64_O1_icc.newgt,0,160,0,160
icc_coreutils_32_O1_mktemp.newgt,0,159,0,159
icc_coreutils_32_O1_timeout.newgt,0,159,0,159
icc_coreutils_32_O1_who.newgt,0,159,0,159
icc_coreutils_32_O2_dd.newgt,6,157,2,159
icc_coreutils_32_O3_dd.newgt,6,157,2,159
icc_coreutils_64_O2_stdbuf.newgt,2,158,1,159
icc_coreutils_64_O3_stdbuf.newgt,2,158,1,159
icc_coreutils_32_O1_cat.newgt,0,158,0,158
icc_coreutils_64_O1_readlink.newgt,0,158,0,158
icc_coreutils_64_O1_touch.newgt,0,158,0,158
icc_coreutils_32_O2_cut.newgt,6,155,2,157
icc_coreutils_32_O3_cut.newgt,6,155,2,157
icc_coreutils_64_O2_shuf.newgt,2,156,1,157
icc_coreutils_64_O2_tail.newgt,2,156,1,157
icc_coreutils_64_O3_shuf.newgt,2,156,1,157
icc_coreutils_64_O3_tail.newgt,2,156,1,157
icc_coreutils_32_O1_truncate.newgt,0,156,0,156
libquantum_base.x64_O2_icc.newgt,0,156,0,156
libquantum_base.x64_O3_icc.newgt,0,156,0,156
icc_coreutils_64_O1_pr.newgt,0,155,0,155
icc_coreutils_64_O1_stdbuf.newgt,0,155,0,155
icc_coreutils_32_O1_tr.newgt,0,154,0,154
icc_coreutils_32_O1_wc.newgt,0,154,0,154
icc_coreutils_64_O1_shred.newgt,0,154,0,154
icc_coreutils_64_O2_split.newgt,2,153,1,154
icc_coreutils_64_O3_split.newgt,2,153,1,154
astar_base.x64_O2_icc.newgt,72,152,1,153
astar_base.x64_O3_icc.newgt,72,152,1,153
icc_coreutils_32_O0_stty.newgt,0,153,0,153
icc_coreutils_32_O2_timeout.newgt,6,150,3,153
icc_coreutils_32_O3_timeout.newgt,6,150,3,153
icc_coreutils_64_O0_stty.newgt,0,153,0,153
icc_coreutils_64_O1_cut.newgt,0,153,0,153
sjeng_base.x32_O0_icc.newgt,1,153,0,153
icc_coreutils_32_O1_printf.newgt,0,152,0,152
icc_coreutils_32_O1_sum.newgt,0,152,0,152
icc_coreutils_32_O2_mkdir.newgt,6,150,2,152
icc_coreutils_32_O3_mkdir.newgt,6,150,2,152
icc_coreutils_64_O1_numfmt.newgt,0,152,0,152
icc_coreutils_64_O1_split.newgt,0,152,0,152
icc_coreutils_64_O2_readlink.newgt,2,151,1,152
icc_coreutils_64_O3_readlink.newgt,2,151,1,152
icc_coreutils_32_O0_date.newgt,1,151,0,151
icc_coreutils_32_O0_who.newgt,0,151,0,151
icc_coreutils_32_O1_md5sum.newgt,0,151,0,151
icc_coreutils_32_O1_sha1sum.newgt,0,151,0,151
icc_coreutils_32_O2_cat.newgt,6,149,2,151
icc_coreutils_32_O3_cat.newgt,6,149,2,151
icc_coreutils_64_O1_dd.newgt,0,151,0,151
sjeng_base.x64_O0_icc.newgt,0,151,0,151
icc_coreutils_32_O1_getlimits.newgt,0,150,0,150
icc_coreutils_32_O1_seq.newgt,0,150,0,150
icc_coreutils_64_O2_od.newgt,2,149,1,150
icc_coreutils_64_O3_od.newgt,2,149,1,150
deepsjeng_r_base.icc_x64_O2-m64.newgt,7,148,1,149
deepsjeng_r_base.icc_x64_O3-m64.newgt,7,148,1,149
icc_coreutils_32_O0_mkdir.newgt,0,149,0,149
icc_coreutils_32_O1_comm.newgt,0,149,0,149
icc_coreutils_32_O2_numfmt.newgt,6,147,2,149
icc_coreutils_32_O2_truncate.newgt,6,147,2,149
icc_coreutils_32_O3_numfmt.newgt,6,147,2,149
icc_coreutils_32_O3_truncate.newgt,6,147,2,149
icc_coreutils_64_O0_date.newgt,0,149,0,149
icc_coreutils_64_O0_mkdir.newgt,0,149,0,149
icc_coreutils_64_O0_who.newgt,0,149,0,149
icc_findutils_32_O0_locate.newgt,0,149,0,149
astar_base.x64_O1_icc.newgt,0,148,0,148
icc_coreutils_32_O0_tr.newgt,0,148,0,148
icc_coreutils_32_O2_pr.newgt,6,146,2,148
icc_coreutils_32_O2_who.newgt,6,146,2,148
icc_coreutils_32_O3_pr.newgt,6,146,2,148
icc_coreutils_32_O3_who.newgt,6,146,2,148
icc_coreutils_64_O2_touch.newgt,2,147,1,148
icc_coreutils_64_O3_touch.newgt,2,147,1,148
icc_coreutils_32_O1_fmt.newgt,0,147,0,147
icc_coreutils_32_O1_head.newgt,0,147,0,147
icc_coreutils_32_O1_rmdir.newgt,0,147,0,147
icc_coreutils_32_O2_getlimits.newgt,6,145,2,147
icc_coreutils_32_O3_getlimits.newgt,6,145,2,147
icc_findutils_32_O2_locate.newgt,6,145,2,147
icc_findutils_32_O3_locate.newgt,6,145,2,147
astar_base.x32_O2_icc.newgt,8,144,2,146
astar_base.x32_O3_icc.newgt,8,144,2,146
icc_coreutils_32_O0_join.newgt,0,146,0,146
icc_coreutils_32_O0_timeout.newgt,0,146,0,146
icc_coreutils_32_O1_tsort.newgt,0,146,0,146
icc_coreutils_64_O0_join.newgt,0,146,0,146
icc_coreutils_64_O0_timeout.newgt,0,146,0,146
icc_coreutils_64_O0_tr.newgt,0,146,0,146
icc_coreutils_64_O2_shred.newgt,2,145,1,146
icc_coreutils_64_O3_shred.newgt,2,145,1,146
icc_coreutils_32_O2_mktemp.newgt,6,143,2,145
icc_coreutils_32_O3_mktemp.newgt,6,143,2,145
icc_coreutils_64_O1_mkdir.newgt,0,145,0,145
icc_coreutils_32_O1_base64.newgt,0,144,0,144
icc_coreutils_32_O1_pinky.newgt,0,144,0,144
icc_coreutils_64_O1_stty.newgt,0,144,0,144
icc_coreutils_32_O0_cat.newgt,0,143,0,143
icc_coreutils_64_O0_cat.newgt,0,143,0,143
icc_coreutils_64_O1_join.newgt,0,143,0,143
icc_coreutils_32_O0_mktemp.newgt,0,142,0,142
icc_coreutils_32_O0_truncate.newgt,0,142,0,142
icc_coreutils_64_O2_cut.newgt,2,141,1,142
icc_coreutils_64_O3_cut.newgt,2,141,1,142
icc_coreutils_32_O1_[.newgt,0,141,0,141
icc_coreutils_32_O2_date.newgt,6,139,2,141
icc_coreutils_32_O2_join.newgt,6,139,2,141
icc_coreutils_32_O3_date.newgt,6,139,2,141
icc_coreutils_32_O3_join.newgt,6,139,2,141
icc_coreutils_64_O2_dd.newgt,2,140,1,141
icc_coreutils_64_O3_dd.newgt,2,140,1,141
icc_coreutils_32_O2_sum.newgt,6,138,2,140
icc_coreutils_32_O3_sum.newgt,6,138,2,140
icc_coreutils_64_O2_mkdir.newgt,2,139,1,140
icc_coreutils_64_O2_timeout.newgt,2,139,1,140
icc_coreutils_64_O3_mkdir.newgt,2,139,1,140
icc_coreutils_64_O3_timeout.newgt,2,139,1,140
icc_coreutils_32_O1_id.newgt,0,139,0,139
icc_coreutils_32_O1_pwd.newgt,0,139,0,139
icc_coreutils_32_O1_uptime.newgt,0,139,0,139
icc_coreutils_32_O2_printf.newgt,6,136,3,139
icc_coreutils_32_O2_seq.newgt,6,137,2,139
icc_coreutils_32_O2_stty.newgt,6,137,2,139
icc_coreutils_32_O2_uniq.newgt,6,137,2,139
icc_coreutils_32_O3_printf.newgt,6,136,3,139
icc_coreutils_32_O3_seq.newgt,6,137,2,139
icc_coreutils_32_O3_stty.newgt,6,137,2,139
icc_coreutils_32_O3_uniq.newgt,6,137,2,139
icc_coreutils_64_O0_mktemp.newgt,0,139,0,139
icc_coreutils_64_O0_truncate.newgt,0,139,0,139
icc_coreutils_64_O2_cat.newgt,2,138,1,139
icc_coreutils_64_O3_cat.newgt,2,138,1,139
icc_coreutils_32_O1_mknod.newgt,0,138,0,138
icc_coreutils_32_O0_sha384sum.newgt,0,137,0,137
icc_coreutils_32_O0_sha512sum.newgt,0,137,0,137
icc_coreutils_32_O1_chroot.newgt,0,137,0,137
icc_coreutils_32_O1_groups.newgt,0,137,0,137
icc_coreutils_32_O2_sha224sum.newgt,6,135,2,137
icc_coreutils_32_O2_sha256sum.newgt,6,135,2,137
icc_coreutils_32_O2_sha384sum.newgt,6,135,2,137
icc_coreutils_32_O2_sha512sum.newgt,6,135,2,137
icc_coreutils_32_O2_wc.newgt,6,135,2,137
icc_coreutils_32_O3_sha224sum.newgt,6,135,2,137
icc_coreutils_32_O3_sha256sum.newgt,6,135,2,137
icc_coreutils_32_O3_sha384sum.newgt,6,135,2,137
icc_coreutils_32_O3_sha512sum.newgt,6,135,2,137
icc_coreutils_32_O3_wc.newgt,6,135,2,137
icc_coreutils_64_O1_timeout.newgt,0,137,0,137
icc_coreutils_64_O1_uniq.newgt,0,137,0,137
icc_findutils_32_O1_locate.newgt,0,137,0,137
icc_coreutils_32_O0_printf.newgt,0,136,0,136
icc_coreutils_32_O0_seq.newgt,0,136,0,136
icc_coreutils_32_O1_cksum.newgt,0,136,0,136
icc_coreutils_32_O1_expand.newgt,0,136,0,136
icc_coreutils_32_O1_fold.newgt,0,136,0,136
icc_coreutils_32_O1_nohup.newgt,0,136,0,136
icc_coreutils_32_O1_setuidgid.newgt,0,136,0,136
icc_coreutils_64_O0_printf.newgt,0,136,0,136
icc_coreutils_64_O0_seq.newgt,0,136,0,136
deepsjeng_r_base.icc_x86_O0-m32.newgt,1,135,0,135
icc_coreutils_32_O0_sha224sum.newgt,0,135,0,135
icc_coreutils_32_O0_sha256sum.newgt,0,135,0,135
icc_coreutils_32_O0_uniq.newgt,1,135,0,135
icc_coreutils_32_O1_test.newgt,0,134,1,135
icc_coreutils_32_O1_unexpand.newgt,0,135,0,135
icc_coreutils_64_O0_uniq.newgt,0,135,0,135
icc_coreutils_64_O2_getlimits.newgt,2,134,1,135
icc_coreutils_64_O2_numfmt.newgt,2,134,1,135
icc_coreutils_64_O3_getlimits.newgt,2,134,1,135
icc_coreutils_64_O3_numfmt.newgt,2,134,1,135
icc_coreutils_32_O1_dircolors.newgt,0,134,0,134
icc_coreutils_32_O1_tee.newgt,0,134,0,134
icc_coreutils_32_O2_base64.newgt,6,132,2,134
icc_coreutils_32_O2_rmdir.newgt,6,132,2,134
icc_coreutils_32_O3_base64.newgt,6,132,2,134
icc_coreutils_32_O3_rmdir.newgt,6,132,2,134
icc_coreutils_64_O0_sha224sum.newgt,0,134,0,134
icc_coreutils_64_O0_sha256sum.newgt,0,134,0,134
icc_coreutils_64_O0_sha384sum.newgt,0,134,0,134
icc_coreutils_64_O0_sha512sum.newgt,0,134,0,134
icc_coreutils_64_O1_cat.newgt,0,134,0,134
icc_coreutils_64_O1_date.newgt,0,134,0,134
icc_coreutils_64_O1_who.newgt,0,134,0,134
icc_coreutils_64_O2_truncate.newgt,2,133,1,134
icc_coreutils_64_O3_truncate.newgt,2,133,1,134
icc_coreutils_32_O0_wc.newgt,0,133,0,133
icc_coreutils_32_O1_mkfifo.newgt,0,133,0,133
icc_coreutils_32_O1_nproc.newgt,0,133,0,133
icc_coreutils_32_O1_sleep.newgt,0,133,0,133
icc_coreutils_32_O1_users.newgt,0,133,0,133
icc_coreutils_32_O2_comm.newgt,6,131,2,133
icc_coreutils_32_O3_comm.newgt,6,131,2,133
icc_coreutils_64_O1_mktemp.newgt,0,133,0,133
icc_coreutils_64_O2_pr.newgt,2,132,1,133
icc_coreutils_64_O2_who.newgt,2,132,1,133
icc_coreutils_64_O3_pr.newgt,2,132,1,133
icc_coreutils_64_O3_who.newgt,2,132,1,133
libquantum_base.x32_O2_icc.newgt,1,133,0,133
libquantum_base.x32_O3_icc.newgt,1,133,0,133
deepsjeng_r_base.icc_x64_O0-m64.newgt,0,132,0,132
icc_coreutils_32_O0_[.newgt,20,132,0,132
icc_coreutils_32_O0_head.newgt,0,132,0,132
icc_coreutils_32_O0_test.newgt,20,132,0,132
icc_coreutils_32_O1_basename.newgt,0,132,0,132
icc_coreutils_32_O1_kill.newgt,0,132,0,132
icc_coreutils_32_O1_paste.newgt,0,132,0,132
icc_coreutils_32_O1_runcon.newgt,0,132,0,132
icc_coreutils_32_O2_md5sum.newgt,6,130,2,132
icc_coreutils_32_O2_sha1sum.newgt,6,130,2,132
icc_coreutils_32_O2_tr.newgt,6,130,2,132
icc_coreutils_32_O3_md5sum.newgt,6,130,2,132
icc_coreutils_32_O3_sha1sum.newgt,6,130,2,132
icc_coreutils_32_O3_tr.newgt,6,130,2,132
icc_coreutils_64_O1_truncate.newgt,0,132,0,132
icc_coreutils_32_O0_getlimits.newgt,0,131,0,131
icc_coreutils_32_O0_rmdir.newgt,0,131,0,131
icc_coreutils_32_O1_dirname.newgt,0,131,0,131
icc_coreutils_32_O1_nice.newgt,0,131,0,131
icc_coreutils_32_O1_pathchk.newgt,0,131,0,131
icc_coreutils_32_O2_pinky.newgt,6,129,2,131
icc_coreutils_32_O3_pinky.newgt,6,129,2,131
icc_coreutils_64_O0_getlimits.newgt,0,131,0,131
icc_coreutils_64_O0_rmdir.newgt,0,131,0,131
icc_coreutils_64_O0_wc.newgt,0,131,0,131
icc_coreutils_64_O0_[.newgt,0,130,0,130
icc_coreutils_64_O0_test.newgt,0,130,0,130
icc_coreutils_64_O1_printf.newgt,0,130,0,130
icc_coreutils_64_O1_tr.newgt,0,130,0,130
icc_coreutils_64_O1_wc.newgt,0,130,0,130
icc_coreutils_64_O2_mktemp.newgt,2,129,1,130
icc_coreutils_64_O3_mktemp.newgt,2,129,1,130
icc_coreutils_32_O0_md5sum.newgt,0,129,0,129
icc_coreutils_32_O0_sha1sum.newgt,0,129,0,129
icc_coreutils_32_O0_sum.newgt,1,129,0,129
icc_coreutils_32_O1_hostid.newgt,0,129,0,129
icc_coreutils_32_O1_link.newgt,0,129,0,129
icc_coreutils_32_O1_logname.newgt,0,129,0,129
icc_coreutils_32_O1_sync.newgt,0,129,0,129
icc_coreutils_32_O1_uname.newgt,0,129,0,129
icc_coreutils_32_O1_unlink.newgt,0,129,0,129
icc_coreutils_32_O1_whoami.newgt,0,129,0,129
icc_coreutils_32_O1_yes.newgt,0,129,0,129
icc_coreutils_64_O1_getlimits.newgt,0,129,0,129
icc_coreutils_64_O1_seq.newgt,0,129,0,129
icc_coreutils_64_O1_sha224sum.newgt,0,129,0,129
icc_coreutils_64_O1_sha256sum.newgt,0,129,0,129
icc_coreutils_64_O1_sha384sum.newgt,0,129,0,129
icc_coreutils_64_O1_sha512sum.newgt,0,129,0,129
icc_coreutils_64_O2_join.newgt,2,128,1,129
icc_coreutils_64_O3_join.newgt,2,128,1,129
deepsjeng_r_base.icc_x64_O1-m64.newgt,0,128,0,128
icc_coreutils_32_O1_env.newgt,0,128,0,128
icc_coreutils_32_O1_printenv.newgt,0,128,0,128
icc_coreutils_32_O1_tty.newgt,0,128,0,128
icc_coreutils_32_O2_head.newgt,6,126,2,128
icc_coreutils_32_O2_tsort.newgt,6,126,2,128
icc_coreutils_32_O2_uptime.newgt,6,126,2,128
icc_coreutils_32_O3_head.newgt,6,126,2,128
icc_coreutils_32_O3_tsort.newgt,6,126,2,128
icc_coreutils_32_O3_uptime.newgt,6,126,2,128
icc_coreutils_64_O0_md5sum.newgt,0,128,0,128
icc_coreutils_64_O0_sha1sum.newgt,0,128,0,128
icc_coreutils_64_O2_stty.newgt,2,127,1,128
icc_coreutils_64_O3_stty.newgt,2,127,1,128
icc_coreutils_32_O2_fold.newgt,6,125,2,127
icc_coreutils_32_O3_fold.newgt,6,125,2,127
icc_coreutils_64_O0_head.newgt,0,127,0,127
icc_coreutils_64_O2_printf.newgt,2,126,1,127
icc_coreutils_64_O2_uniq.newgt,2,126,1,127
icc_coreutils_64_O3_printf.newgt,2,126,1,127
icc_coreutils_64_O3_uniq.newgt,2,126,1,127
bzip2_base.x32_O1_icc.newgt,2,125,1,126
icc_coreutils_32_O0_fmt.newgt,0,126,0,126
icc_coreutils_32_O0_pinky.newgt,0,126,0,126
icc_coreutils_32_O2_fmt.newgt,6,124,2,126
icc_coreutils_32_O2_pwd.newgt,6,124,2,126
icc_coreutils_32_O3_fmt.newgt,6,124,2,126
icc_coreutils_32_O3_pwd.newgt,6,124,2,126
icc_coreutils_64_O0_fmt.newgt,0,126,0,126
icc_coreutils_64_O1_comm.newgt,0,126,0,126
icc_coreutils_64_O1_rmdir.newgt,0,126,0,126
icc_coreutils_32_O0_base64.newgt,0,125,0,125
icc_coreutils_32_O2_cksum.newgt,6,123,2,125
icc_coreutils_32_O2_nohup.newgt,6,123,2,125
icc_coreutils_32_O3_cksum.newgt,6,123,2,125
icc_coreutils_32_O3_nohup.newgt,6,123,2,125
icc_coreutils_64_O0_sum.newgt,0,125,0,125
icc_coreutils_64_O1_fmt.newgt,0,125,0,125
icc_coreutils_64_O1_sum.newgt,0,125,0,125
icc_coreutils_64_O2_seq.newgt,2,124,1,125
icc_coreutils_64_O2_sum.newgt,2,124,1,125
icc_coreutils_64_O3_seq.newgt,2,124,1,125
icc_coreutils_64_O3_sum.newgt,2,124,1,125
icc_coreutils_32_O2_groups.newgt,6,122,2,124
icc_coreutils_32_O2_id.newgt,6,122,2,124
icc_coreutils_32_O3_groups.newgt,6,122,2,124
icc_coreutils_32_O3_id.newgt,6,122,2,124
icc_coreutils_64_O0_pinky.newgt,0,124,0,124
icc_coreutils_64_O2_date.newgt,2,123,1,124
icc_coreutils_64_O3_date.newgt,2,123,1,124
icc_coreutils_32_O2_chroot.newgt,6,121,2,123
icc_coreutils_32_O2_mknod.newgt,6,121,2,123
icc_coreutils_32_O3_chroot.newgt,6,121,2,123
icc_coreutils_32_O3_mknod.newgt,6,121,2,123
icc_coreutils_64_O0_base64.newgt,0,123,0,123
icc_coreutils_64_O1_md5sum.newgt,0,123,0,123
icc_coreutils_64_O1_sha1sum.newgt,0,123,0,123
icc_coreutils_64_O2_wc.newgt,2,122,1,123
icc_coreutils_64_O3_wc.newgt,2,122,1,123
icc_coreutils_32_O0_comm.newgt,0,122,0,122
icc_coreutils_32_O2_dircolors.newgt,6,120,2,122
icc_coreutils_32_O2_expand.newgt,6,120,2,122
icc_coreutils_32_O2_sleep.newgt,6,120,2,122
icc_coreutils_32_O2_tee.newgt,6,120,2,122
icc_coreutils_32_O2_unexpand.newgt,6,120,2,122
icc_coreutils_32_O2_users.newgt,6,120,2,122
icc_coreutils_32_O3_dircolors.newgt,6,120,2,122
icc_coreutils_32_O3_expand.newgt,6,120,2,122
icc_coreutils_32_O3_sleep.newgt,6,120,2,122
icc_coreutils_32_O3_tee.newgt,6,120,2,122
icc_coreutils_32_O3_unexpand.newgt,6,120,2,122
icc_coreutils_32_O3_users.newgt,6,120,2,122
icc_coreutils_64_O0_comm.newgt,0,122,0,122
icc_coreutils_64_O1_head.newgt,0,122,0,122
icc_coreutils_64_O1_tsort.newgt,0,122,0,122
icc_coreutils_64_O2_rmdir.newgt,2,121,1,122
icc_coreutils_64_O2_sha224sum.newgt,2,121,1,122
icc_coreutils_64_O2_sha256sum.newgt,2,121,1,122
icc_coreutils_64_O2_sha384sum.newgt,2,121,1,122
icc_coreutils_64_O2_sha512sum.newgt,2,121,1,122
icc_coreutils_64_O3_rmdir.newgt,2,121,1,122
icc_coreutils_64_O3_sha224sum.newgt,2,121,1,122
icc_coreutils_64_O3_sha256sum.newgt,2,121,1,122
icc_coreutils_64_O3_sha384sum.newgt,2,121,1,122
icc_coreutils_64_O3_sha512sum.newgt,2,121,1,122
icc_coreutils_32_O0_tsort.newgt,0,121,0,121
icc_coreutils_32_O2_setuidgid.newgt,6,119,2,121
icc_coreutils_32_O3_setuidgid.newgt,6,119,2,121
icc_coreutils_64_O0_tsort.newgt,0,121,0,121
icc_coreutils_64_O2_base64.newgt,2,120,1,121
icc_coreutils_64_O3_base64.newgt,2,120,1,121
icc_coreutils_32_O2_[.newgt,6,118,2,120
icc_coreutils_32_O2_basename.newgt,6,118,2,120
icc_coreutils_32_O2_kill.newgt,6,118,2,120
icc_coreutils_32_O2_mkfifo.newgt,6,118,2,120
icc_coreutils_32_O2_runcon.newgt,6,118,2,120
icc_coreutils_32_O3_[.newgt,6,118,2,120
icc_coreutils_32_O3_basename.newgt,6,118,2,120
icc_coreutils_32_O3_kill.newgt,6,118,2,120
icc_coreutils_32_O3_mkfifo.newgt,6,118,2,120
icc_coreutils_32_O3_runcon.newgt,6,118,2,120
icc_coreutils_64_O1_[.newgt,0,120,0,120
icc_coreutils_64_O2_comm.newgt,2,119,1,120
icc_coreutils_64_O3_comm.newgt,2,119,1,120
icc_coreutils_32_O1_echo.newgt,0,119,0,119
icc_coreutils_32_O2_dirname.newgt,6,117,2,119
icc_coreutils_32_O2_nproc.newgt,6,117,2,119
icc_coreutils_32_O2_paste.newgt,6,117,2,119
icc_coreutils_32_O3_dirname.newgt,6,117,2,119
icc_coreutils_32_O3_nproc.newgt,6,117,2,119
icc_coreutils_32_O3_paste.newgt,6,117,2,119
icc_coreutils_64_O1_base64.newgt,0,119,0,119
icc_coreutils_64_O1_pinky.newgt,0,119,0,119
icc_coreutils_32_O0_pwd.newgt,0,118,0,118
icc_coreutils_32_O1_false.newgt,0,118,0,118
icc_coreutils_32_O1_true.newgt,0,118,0,118
icc_coreutils_32_O2_hostid.newgt,6,116,2,118
icc_coreutils_32_O2_link.newgt,6,116,2,118
icc_coreutils_32_O2_logname.newgt,6,116,2,118
icc_coreutils_32_O2_nice.newgt,6,116,2,118
icc_coreutils_32_O2_pathchk.newgt,6,116,2,118
icc_coreutils_32_O2_sync.newgt,6,116,2,118
icc_coreutils_32_O2_unlink.newgt,6,116,2,118
icc_coreutils_32_O2_whoami.newgt,6,116,2,118
icc_coreutils_32_O2_yes.newgt,6,116,2,118
icc_coreutils_32_O3_hostid.newgt,6,116,2,118
icc_coreutils_32_O3_link.newgt,6,116,2,118
icc_coreutils_32_O3_logname.newgt,6,116,2,118
icc_coreutils_32_O3_nice.newgt,6,116,2,118
icc_coreutils_32_O3_pathchk.newgt,6,116,2,118
icc_coreutils_32_O3_sync.newgt,6,116,2,118
icc_coreutils_32_O3_unlink.newgt,6,116,2,118
icc_coreutils_32_O3_whoami.newgt,6,116,2,118
icc_coreutils_32_O3_yes.newgt,6,116,2,118
icc_coreutils_64_O0_pwd.newgt,0,118,0,118
icc_coreutils_64_O1_pwd.newgt,0,118,0,118
icc_coreutils_64_O2_tr.newgt,2,117,1,118
icc_coreutils_64_O3_tr.newgt,2,117,1,118
icc_coreutils_32_O0_uptime.newgt,0,117,0,117
icc_coreutils_32_O2_env.newgt,6,115,2,117
icc_coreutils_32_O2_printenv.newgt,6,115,2,117
icc_coreutils_32_O2_tty.newgt,6,115,2,117
icc_coreutils_32_O2_uname.newgt,6,115,2,117
icc_coreutils_32_O3_env.newgt,6,115,2,117
icc_coreutils_32_O3_printenv.newgt,6,115,2,117
icc_coreutils_32_O3_tty.newgt,6,115,2,117
icc_coreutils_32_O3_uname.newgt,6,115,2,117
icc_coreutils_64_O1_uptime.newgt,0,117,0,117
icc_coreutils_64_O2_md5sum.newgt,2,116,1,117
icc_coreutils_64_O2_pinky.newgt,2,116,1,117
icc_coreutils_64_O2_sha1sum.newgt,2,116,1,117
icc_coreutils_64_O3_md5sum.newgt,2,116,1,117
icc_coreutils_64_O3_pinky.newgt,2,116,1,117
icc_coreutils_64_O3_sha1sum.newgt,2,116,1,117
icc_coreutils_32_O0_id.newgt,0,116,0,116
icc_coreutils_64_O0_uptime.newgt,0,116,0,116
icc_coreutils_64_O1_id.newgt,0,116,0,116
icc_coreutils_64_O1_mknod.newgt,0,116,0,116
icc_coreutils_64_O2_tsort.newgt,2,115,1,116
icc_coreutils_64_O3_tsort.newgt,2,115,1,116
bzip2_base.x32_O2_icc.newgt,7,113,2,115
bzip2_base.x32_O3_icc.newgt,7,113,2,115
icc_coreutils_32_O0_mknod.newgt,0,115,0,115
icc_coreutils_64_O1_nohup.newgt,0,115,0,115
icc_coreutils_64_O1_setuidgid.newgt,0,115,0,115
icc_coreutils_64_O1_test.newgt,0,115,0,115
icc_coreutils_64_O2_fold.newgt,2,114,1,115
icc_coreutils_64_O3_fold.newgt,2,114,1,115
icc_coreutils_32_O0_expand.newgt,0,114,0,114
icc_coreutils_32_O0_unexpand.newgt,0,114,0,114
icc_coreutils_32_O2_test.newgt,6,112,2,114
icc_coreutils_32_O3_test.newgt,6,112,2,114
icc_coreutils_64_O0_id.newgt,0,114,0,114
icc_coreutils_64_O1_chroot.newgt,0,114,0,114
icc_coreutils_64_O1_fold.newgt,0,114,0,114
icc_coreutils_64_O1_groups.newgt,0,114,0,114
icc_coreutils_64_O2_pwd.newgt,2,113,1,114
icc_coreutils_64_O2_uptime.newgt,2,113,1,114
icc_coreutils_64_O3_pwd.newgt,2,113,1,114
icc_coreutils_64_O3_uptime.newgt,2,113,1,114
icc_coreutils_32_O0_chroot.newgt,0,113,0,113
icc_coreutils_32_O0_cksum.newgt,0,113,0,113
icc_coreutils_64_O0_mknod.newgt,0,113,0,113
icc_coreutils_64_O1_dircolors.newgt,0,113,0,113
icc_coreutils_64_O1_expand.newgt,0,113,0,113
icc_coreutils_64_O1_sleep.newgt,0,113,0,113
icc_coreutils_64_O2_nohup.newgt,2,112,1,113
icc_coreutils_64_O3_nohup.newgt,2,112,1,113
icc_coreutils_32_O0_groups.newgt,0,112,0,112
icc_coreutils_32_O0_nohup.newgt,0,112,0,112
icc_coreutils_64_O0_expand.newgt,0,112,0,112
icc_coreutils_64_O0_nohup.newgt,0,112,0,112
icc_coreutils_64_O0_unexpand.newgt,0,112,0,112
icc_coreutils_64_O1_cksum.newgt,0,112,0,112
icc_coreutils_64_O1_mkfifo.newgt,0,112,0,112
icc_coreutils_64_O1_nproc.newgt,0,112,0,112
icc_coreutils_64_O1_tee.newgt,0,112,0,112
icc_coreutils_64_O1_unexpand.newgt,0,112,0,112
icc_coreutils_64_O1_users.newgt,0,112,0,112
icc_coreutils_64_O2_fmt.newgt,2,111,1,112
icc_coreutils_64_O2_head.newgt,2,111,1,112
icc_coreutils_64_O3_fmt.newgt,2,111,1,112
icc_coreutils_64_O3_head.newgt,2,111,1,112
icc_coreutils_32_O0_dircolors.newgt,0,111,0,111
icc_coreutils_32_O0_fold.newgt,0,111,0,111
icc_coreutils_32_O0_paste.newgt,0,111,0,111
icc_coreutils_32_O0_setuidgid.newgt,0,111,0,111
icc_coreutils_32_O0_tee.newgt,0,111,0,111
icc_coreutils_64_O0_chroot.newgt,0,111,0,111
icc_coreutils_64_O0_dircolors.newgt,0,111,0,111
icc_coreutils_64_O0_fold.newgt,0,111,0,111
icc_coreutils_64_O0_paste.newgt,0,111,0,111
icc_coreutils_64_O0_setuidgid.newgt,0,111,0,111
icc_coreutils_64_O0_tee.newgt,0,111,0,111
icc_coreutils_64_O1_basename.newgt,0,111,0,111
icc_coreutils_64_O1_kill.newgt,0,111,0,111
icc_coreutils_64_O1_runcon.newgt,0,111,0,111
icc_coreutils_64_O2_cksum.newgt,2,110,1,111
icc_coreutils_64_O2_sleep.newgt,2,110,1,111
icc_coreutils_64_O3_cksum.newgt,2,110,1,111
icc_coreutils_64_O3_sleep.newgt,2,110,1,111
bzip2_base.x64_O2_icc.newgt,72,109,1,110
bzip2_base.x64_O3_icc.newgt,72,109,1,110
icc_coreutils_32_O0_kill.newgt,0,110,0,110
icc_coreutils_64_O0_cksum.newgt,0,110,0,110
icc_coreutils_64_O0_groups.newgt,0,110,0,110
icc_coreutils_64_O0_kill.newgt,0,110,0,110
icc_coreutils_64_O0_sleep.newgt,0,110,0,110
icc_coreutils_64_O1_nice.newgt,0,110,0,110
icc_coreutils_64_O1_paste.newgt,0,110,0,110
icc_coreutils_64_O1_pathchk.newgt,0,110,0,110
icc_coreutils_64_O2_dircolors.newgt,2,109,1,110
icc_coreutils_64_O2_groups.newgt,2,109,1,110
icc_coreutils_64_O2_id.newgt,2,109,1,110
icc_coreutils_64_O2_tee.newgt,2,109,1,110
icc_coreutils_64_O2_users.newgt,2,109,1,110
icc_coreutils_64_O3_dircolors.newgt,2,109,1,110
icc_coreutils_64_O3_groups.newgt,2,109,1,110
icc_coreutils_64_O3_id.newgt,2,109,1,110
icc_coreutils_64_O3_tee.newgt,2,109,1,110
icc_coreutils_64_O3_users.newgt,2,109,1,110
bzip2_base.x32_O0_icc.newgt,8,109,0,109
icc_coreutils_32_O0_mkfifo.newgt,0,109,0,109
icc_coreutils_32_O0_sleep.newgt,0,109,0,109
icc_coreutils_32_O0_users.newgt,0,109,0,109
icc_coreutils_64_O0_mkfifo.newgt,0,109,0,109
icc_coreutils_64_O0_users.newgt,0,109,0,109
icc_coreutils_64_O1_dirname.newgt,0,109,0,109
icc_coreutils_64_O2_chroot.newgt,2,108,1,109
icc_coreutils_64_O2_expand.newgt,2,108,1,109
icc_coreutils_64_O2_mknod.newgt,2,108,1,109
icc_coreutils_64_O2_setuidgid.newgt,2,108,1,109
icc_coreutils_64_O2_unexpand.newgt,2,108,1,109
icc_coreutils_64_O3_chroot.newgt,2,108,1,109
icc_coreutils_64_O3_expand.newgt,2,108,1,109
icc_coreutils_64_O3_mknod.newgt,2,108,1,109
icc_coreutils_64_O3_setuidgid.newgt,2,108,1,109
icc_coreutils_64_O3_unexpand.newgt,2,108,1,109
icc_coreutils_32_O0_basename.newgt,0,108,0,108
icc_coreutils_32_O0_nice.newgt,0,108,0,108
icc_coreutils_32_O0_pathchk.newgt,0,108,0,108
icc_coreutils_32_O2_echo.newgt,6,106,2,108
icc_coreutils_32_O2_false.newgt,6,106,2,108
icc_coreutils_32_O2_true.newgt,6,106,2,108
icc_coreutils_32_O3_echo.newgt,6,106,2,108
icc_coreutils_32_O3_false.newgt,6,106,2,108
icc_coreutils_32_O3_true.newgt,6,106,2,108
icc_coreutils_64_O0_basename.newgt,0,108,0,108
icc_coreutils_64_O0_nice.newgt,0,108,0,108
icc_coreutils_64_O0_pathchk.newgt,0,108,0,108
icc_coreutils_64_O1_hostid.newgt,0,108,0,108
icc_coreutils_64_O1_link.newgt,0,108,0,108
icc_coreutils_64_O1_logname.newgt,0,108,0,108
icc_coreutils_64_O1_sync.newgt,0,108,0,108
icc_coreutils_64_O1_uname.newgt,0,108,0,108
icc_coreutils_64_O1_unlink.newgt,0,108,0,108
icc_coreutils_64_O1_whoami.newgt,0,108,0,108
icc_coreutils_64_O1_yes.newgt,0,108,0,108
icc_coreutils_64_O2_basename.newgt,2,107,1,108
icc_coreutils_64_O2_kill.newgt,2,107,1,108
icc_coreutils_64_O2_mkfifo.newgt,2,107,1,108
icc_coreutils_64_O2_runcon.newgt,2,107,1,108
icc_coreutils_64_O3_basename.newgt,2,107,1,108
icc_coreutils_64_O3_kill.newgt,2,107,1,108
icc_coreutils_64_O3_mkfifo.newgt,2,107,1,108
icc_coreutils_64_O3_runcon.newgt,2,107,1,108
bzip2_base.x64_O0_icc.newgt,0,107,0,107
icc_coreutils_32_O0_nproc.newgt,0,107,0,107
icc_coreutils_32_O0_runcon.newgt,0,107,0,107
icc_coreutils_64_O0_nproc.newgt,0,107,0,107
icc_coreutils_64_O0_runcon.newgt,0,107,0,107
icc_coreutils_64_O1_env.newgt,0,107,0,107
icc_coreutils_64_O1_printenv.newgt,0,107,0,107
icc_coreutils_64_O1_tty.newgt,0,107,0,107
icc_coreutils_64_O2_[.newgt,2,106,1,107
icc_coreutils_64_O2_dirname.newgt,2,106,1,107
icc_coreutils_64_O2_nproc.newgt,2,106,1,107
icc_coreutils_64_O2_paste.newgt,2,106,1,107
icc_coreutils_64_O3_[.newgt,2,106,1,107
icc_coreutils_64_O3_dirname.newgt,2,106,1,107
icc_coreutils_64_O3_nproc.newgt,2,106,1,107
icc_coreutils_64_O3_paste.newgt,2,106,1,107
icc_coreutils_64_O2_hostid.newgt,2,105,1,106
icc_coreutils_64_O2_link.newgt,2,105,1,106
icc_coreutils_64_O2_logname.newgt,2,105,1,106
icc_coreutils_64_O2_nice.newgt,2,105,1,106
icc_coreutils_64_O2_pathchk.newgt,2,105,1,106
icc_coreutils_64_O2_sync.newgt,2,105,1,106
icc_coreutils_64_O2_unlink.newgt,2,105,1,106
icc_coreutils_64_O2_whoami.newgt,2,105,1,106
icc_coreutils_64_O2_yes.newgt,2,105,1,106
icc_coreutils_64_O3_hostid.newgt,2,105,1,106
icc_coreutils_64_O3_link.newgt,2,105,1,106
icc_coreutils_64_O3_logname.newgt,2,105,1,106
icc_coreutils_64_O3_nice.newgt,2,105,1,106
icc_coreutils_64_O3_pathchk.newgt,2,105,1,106
icc_coreutils_64_O3_sync.newgt,2,105,1,106
icc_coreutils_64_O3_unlink.newgt,2,105,1,106
icc_coreutils_64_O3_whoami.newgt,2,105,1,106
icc_coreutils_64_O3_yes.newgt,2,105,1,106
icc_coreutils_64_O2_env.newgt,2,104,1,105
icc_coreutils_64_O2_printenv.newgt,2,104,1,105
icc_coreutils_64_O2_tty.newgt,2,104,1,105
icc_coreutils_64_O2_uname.newgt,2,104,1,105
icc_coreutils_64_O3_env.newgt,2,104,1,105
icc_coreutils_64_O3_printenv.newgt,2,104,1,105
icc_coreutils_64_O3_tty.newgt,2,104,1,105
icc_coreutils_64_O3_uname.newgt,2,104,1,105
icc_coreutils_32_O0_dirname.newgt,0,104,0,104
icc_coreutils_32_O0_env.newgt,0,104,0,104
icc_coreutils_32_O0_uname.newgt,0,104,0,104
icc_coreutils_32_O0_yes.newgt,0,104,0,104
icc_coreutils_64_O0_dirname.newgt,0,104,0,104
icc_coreutils_64_O0_env.newgt,0,104,0,104
icc_coreutils_64_O0_uname.newgt,0,104,0,104
icc_coreutils_64_O0_yes.newgt,0,104,0,104
icc_findutils_32_O2_xargs.newgt,6,102,2,104
icc_findutils_32_O3_xargs.newgt,6,102,2,104
bzip2_base.x64_O1_icc.newgt,0,103,0,103
icc_coreutils_32_O0_hostid.newgt,0,103,0,103
icc_coreutils_32_O0_link.newgt,0,103,0,103
icc_coreutils_32_O0_logname.newgt,0,103,0,103
icc_coreutils_32_O0_printenv.newgt,0,103,0,103
icc_coreutils_32_O0_sync.newgt,0,103,0,103
icc_coreutils_32_O0_tty.newgt,0,103,0,103
icc_coreutils_32_O0_unlink.newgt,0,103,0,103
icc_coreutils_32_O0_whoami.newgt,0,103,0,103
icc_coreutils_64_O0_hostid.newgt,0,103,0,103
icc_coreutils_64_O0_link.newgt,0,103,0,103
icc_coreutils_64_O0_logname.newgt,0,103,0,103
icc_coreutils_64_O0_printenv.newgt,0,103,0,103
icc_coreutils_64_O0_sync.newgt,0,103,0,103
icc_coreutils_64_O0_tty.newgt,0,103,0,103
icc_coreutils_64_O0_unlink.newgt,0,103,0,103
icc_coreutils_64_O0_whoami.newgt,0,103,0,103
icc_coreutils_64_O2_test.newgt,2,101,1,102
icc_coreutils_64_O3_test.newgt,2,101,1,102
icc_coreutils_64_O1_echo.newgt,0,100,0,100
icc_coreutils_64_O1_false.newgt,0,99,0,99
icc_coreutils_64_O1_true.newgt,0,99,0,99
icc_coreutils_64_O2_echo.newgt,2,96,1,97
icc_coreutils_64_O2_false.newgt,2,96,1,97
icc_coreutils_64_O2_true.newgt,2,96,1,97
icc_coreutils_64_O3_echo.newgt,2,96,1,97
icc_coreutils_64_O3_false.newgt,2,96,1,97
icc_coreutils_64_O3_true.newgt,2,96,1,97
icc_coreutils_32_O0_echo.newgt,6,94,0,94
icc_coreutils_64_O0_echo.newgt,0,94,0,94
icc_findutils_64_O2_xargs.newgt,2,92,1,93
icc_findutils_64_O3_xargs.newgt,2,92,1,93
icc_coreutils_32_O0_false.newgt,0,92,0,92
icc_coreutils_32_O0_true.newgt,0,92,0,92
icc_coreutils_64_O0_false.newgt,0,92,0,92
icc_coreutils_64_O0_true.newgt,0,92,0,92
icc_findutils_32_O1_xargs.newgt,0,92,0,92
icc_findutils_32_O0_xargs.newgt,0,88,0,88
icc_findutils_64_O0_xargs.newgt,0,88,0,88
icc_findutils_64_O1_xargs.newgt,0,82,0,82
icc_findutils_32_O2_code.newgt,6,76,2,78
icc_findutils_32_O3_code.newgt,6,76,2,78
icc_binutils_32_O2_elfedit.newgt,6,76,1,77
icc_binutils_32_O3_elfedit.newgt,6,76,1,77
icc_findutils_32_O2_frcode.newgt,6,74,2,76
icc_findutils_32_O3_frcode.newgt,6,74,2,76
mcf_r_base.icc_x86_O1-m32.newgt,1,76,0,76
icc_binutils_64_O2_elfedit.newgt,0,73,0,73
icc_binutils_64_O3_elfedit.newgt,0,73,0,73
icc_findutils_32_O2_bigram.newgt,6,71,2,73
icc_findutils_32_O3_bigram.newgt,6,71,2,73
icc_binutils_32_O1_elfedit.newgt,0,67,1,68
icc_findutils_64_O2_code.newgt,2,67,1,68
icc_findutils_64_O3_code.newgt,2,67,1,68
lbm_base.x32_O1_icc.newgt,1,62,5,67
mcf_r_base.icc_x86_O2-m32.newgt,2,67,0,67
mcf_r_base.icc_x86_O3-m32.newgt,2,67,0,67
icc_findutils_64_O2_frcode.newgt,2,65,1,66
icc_findutils_64_O3_frcode.newgt,2,65,1,66
icc_findutils_32_O1_code.newgt,0,63,0,63
icc_findutils_64_O2_bigram.newgt,2,62,1,63
icc_findutils_64_O3_bigram.newgt,2,62,1,63
imagevalidate_511_base.icc_x86_O1-m32.newgt,1,56,5,61
lbm_r_base.icc_x86_O1-m32.newgt,1,56,5,61
icc_findutils_32_O1_frcode.newgt,0,60,0,60
icc_binutils_32_O0_elfedit.newgt,0,58,0,58
icc_binutils_32_O2_sysinfo.newgt,6,56,2,58
icc_binutils_32_O3_sysinfo.newgt,6,56,2,58
lbm_base.x32_O2_icc.newgt,1,58,0,58
lbm_base.x32_O3_icc.newgt,1,58,0,58
icc_binutils_32_O1_sysinfo.newgt,0,57,0,57
imagevalidate_511_base.icc_x86_O2-m32.newgt,3,56,1,57
lbm_base.x32_O0_icc.newgt,1,52,5,57
icc_binutils_64_O1_elfedit.newgt,0,56,0,56
lbm_base.x64_O1_icc.newgt,0,56,0,56
mcf_r_base.icc_x64_O1-m64.newgt,0,56,0,56
mcf_r_base.icc_x64_O2-m64.newgt,0,56,0,56
mcf_r_base.icc_x64_O3-m64.newgt,0,56,0,56
icc_binutils_64_O0_elfedit.newgt,0,55,0,55
icc_findutils_32_O0_code.newgt,0,55,0,55
icc_findutils_32_O1_bigram.newgt,0,55,0,55
icc_findutils_64_O0_code.newgt,0,55,0,55
icc_findutils_64_O1_code.newgt,0,55,0,55
lbm_base.x64_O2_icc.newgt,0,55,0,55
lbm_base.x64_O3_icc.newgt,0,55,0,55
mcf_base.x32_O1_icc.newgt,1,54,0,54
icc_binutils_64_O2_sysinfo.newgt,0,53,0,53
icc_binutils_64_O3_sysinfo.newgt,0,53,0,53
mcf_base.x32_O2_icc.newgt,1,53,0,53
mcf_base.x32_O3_icc.newgt,1,53,0,53
icc_findutils_32_O0_frcode.newgt,0,52,0,52
icc_findutils_64_O0_frcode.newgt,0,52,0,52
icc_findutils_64_O1_frcode.newgt,0,52,0,52
lbm_r_base.icc_x64_O1-m64.newgt,0,51,0,51
lbm_r_base.icc_x86_O0-m32.newgt,1,46,5,51
mcf_r_base.icc_x86_O0-m32.newgt,1,51,0,51
icc_binutils_64_O1_sysinfo.newgt,0,48,0,48
imagevalidate_511_base.icc_x64_O2-m64.newgt,7,47,1,48
imagevalidate_511_base.icc_x64_O3-m64.newgt,7,47,1,48
icc_findutils_64_O1_bigram.newgt,0,47,0,47
mcf_base.x64_O2_icc.newgt,0,47,0,47
mcf_base.x64_O3_icc.newgt,0,47,0,47
mcf_r_base.icc_x64_O0-m64.newgt,0,47,0,47
icc_binutils_32_O0_sysinfo.newgt,2,46,0,46
icc_binutils_64_O0_sysinfo.newgt,0,46,0,46
mcf_base.x64_O1_icc.newgt,0,46,0,46
icc_findutils_32_O0_bigram.newgt,0,45,0,45
icc_findutils_64_O0_bigram.newgt,0,45,0,45
imagevalidate_511_base.icc_x64_O1-m64.newgt,0,44,0,44
imagevalidate_511_base.icc_x86_O0-m32.newgt,1,39,5,44
lbm_r_base.icc_x64_O0-m64.newgt,0,42,0,42
lbm_base.x64_O0_icc.newgt,0,41,0,41
lbm_r_base.icc_x86_O2-m32.newgt,2,37,0,37
lbm_r_base.icc_x86_O3-m32.newgt,2,37,0,37
imagevalidate_511_base.icc_x64_O0-m64.newgt,0,35,0,35
lbm_r_base.icc_x64_O2-m64.newgt,0,35,0,35
lbm_r_base.icc_x64_O3-m64.newgt,0,35,0,35
mcf_base.x32_O0_icc.newgt,1,33,0,33
specrand_fr_base.icc_x86_O1-m32.newgt,1,33,0,33
specrand_fr_base.icc_x86_O2-m32.newgt,2,32,0,32
specrand_fr_base.icc_x86_O3-m32.newgt,2,32,0,32
icc_coreutils_32_O2_make-prime-list.newgt,1,30,1,31
icc_coreutils_32_O3_make-prime-list.newgt,1,30,1,31
mcf_base.x64_O0_icc.newgt,0,31,0,31
specrand_fr_base.icc_x64_O2-m64.newgt,0,30,0,30
specrand_fr_base.icc_x64_O3-m64.newgt,0,30,0,30
specrand_fr_base.icc_x64_O1-m64.newgt,0,29,0,29
specrand_base.x32_O1_icc.newgt,1,28,0,28
specrand_base.x32_O2_icc.newgt,1,28,0,28
specrand_base.x32_O3_icc.newgt,1,28,0,28
specrand_base.x64_O1_icc.newgt,0,25,0,25
specrand_base.x64_O2_icc.newgt,0,25,0,25
specrand_base.x64_O3_icc.newgt,0,25,0,25
icc_coreutils_64_O2_make-prime-list.newgt,2,23,1,24
icc_coreutils_64_O3_make-prime-list.newgt,2,23,1,24
specrand_fr_base.icc_x86_O0-m32.newgt,1,22,0,22
icc_coreutils_32_O1_make-prime-list.newgt,0,20,0,20
icc_coreutils_64_O1_make-prime-list.newgt,0,20,0,20
specrand_fr_base.icc_x64_O0-m64.newgt,0,20,0,20
icc_coreutils_32_O0_make-prime-list.newgt,0,17,0,17
icc_coreutils_64_O0_make-prime-list.newgt,0,15,0,15
specrand_base.x32_O0_icc.newgt,1,12,0,12
specrand_base.x64_O0_icc.newgt,0,10,0,10
