name,FP,TP,FN,Total
astar_base.x32_O0_icc.newgt,54,171,54,225
astar_base.x32_O1_icc.newgt,58,111,96,207
astar_base.x32_O2_icc.newgt,98,100,46,146
astar_base.x32_O3_icc.newgt,98,100,46,146
astar_base.x64_O0_icc.newgt,54,169,42,211
astar_base.x64_O1_icc.newgt,62,100,48,148
astar_base.x64_O2_icc.newgt,455,98,55,153
astar_base.x64_O3_icc.newgt,455,98,55,153
blender_r_base.icc_x64_O0-m64.newgt,269,50568,207,50775
blender_r_base.icc_x64_O1-m64.newgt,333,39213,1952,41165
blender_r_base.icc_x64_O2-m64.newgt,1119,36517,1224,37741
blender_r_base.icc_x64_O3-m64.newgt,1118,36519,1225,37744
blender_r_base.icc_x86_O0-m32.newgt,222,50577,254,50831
blender_r_base.icc_x86_O1-m32.newgt,278,39616,5453,45069
blender_r_base.icc_x86_O2-m32.newgt,1307,36724,1426,38150
blender_r_base.icc_x86_O3-m32.newgt,1285,36727,1426,38153
bwaves_base.x32_O0_icc.newgt,424,79,395,474
bwaves_base.x32_O1_icc.newgt,407,78,379,457
bwaves_base.x32_O2_icc.newgt,424,78,396,474
bwaves_base.x32_O3_icc.newgt,424,78,396,474
bwaves_base.x64_O0_icc.newgt,1018,51,378,429
bwaves_base.x64_O1_icc.newgt,1018,51,378,429
bwaves_base.x64_O2_icc.newgt,1034,51,394,445
bwaves_base.x64_O3_icc.newgt,1034,51,394,445
bwaves_r_base.icc_x64_O0-m64.newgt,1008,43,379,422
bwaves_r_base.icc_x64_O1-m64.newgt,1008,43,379,422
bwaves_r_base.icc_x64_O2-m64.newgt,1011,43,382,425
bwaves_r_base.icc_x64_O3-m64.newgt,1011,43,382,425
bwaves_r_base.icc_x86_O0-m32.newgt,411,73,395,468
bwaves_r_base.icc_x86_O1-m32.newgt,394,72,379,451
bwaves_r_base.icc_x86_O2-m32.newgt,428,72,382,454
bwaves_r_base.icc_x86_O3-m32.newgt,431,72,382,454
bzip2_base.x32_O0_icc.newgt,1,108,1,109
bzip2_base.x32_O1_icc.newgt,9,91,35,126
bzip2_base.x32_O2_icc.newgt,99,76,39,115
bzip2_base.x32_O3_icc.newgt,99,76,39,115
bzip2_base.x64_O0_icc.newgt,0,106,1,107
bzip2_base.x64_O1_icc.newgt,11,85,18,103
bzip2_base.x64_O2_icc.newgt,432,71,39,110
bzip2_base.x64_O3_icc.newgt,432,71,39,110
cactusADM_base.x32_O0_icc.newgt,528,1455,505,1960
cactusADM_base.x32_O1_icc.newgt,535,1374,773,2147
cactusADM_base.x32_O2_icc.newgt,483,1335,472,1807
cactusADM_base.x32_O3_icc.newgt,483,1335,472,1807
cactusADM_base.x64_O0_icc.newgt,1163,1427,472,1899
cactusADM_base.x64_O1_icc.newgt,1166,1341,485,1826
cactusADM_base.x64_O2_icc.newgt,1265,1296,531,1827
cactusADM_base.x64_O3_icc.newgt,1265,1296,531,1827
cactusBSSN_r_base.icc_x64_O0-m64.newgt,360,3464,297,3761
cactusBSSN_r_base.icc_x64_O1-m64.newgt,409,2798,381,3179
cactusBSSN_r_base.icc_x64_O2-m64.newgt,1187,2679,451,3130
cactusBSSN_r_base.icc_x64_O3-m64.newgt,1187,2680,450,3130
cactusBSSN_r_base.icc_x86_O0-m32.newgt,368,3471,360,3831
cactusBSSN_r_base.icc_x86_O1-m32.newgt,454,2828,824,3652
cactusBSSN_r_base.icc_x86_O2-m32.newgt,501,2700,442,3142
cactusBSSN_r_base.icc_x86_O3-m32.newgt,500,2700,442,3142
calculix_base.x32_O0_icc.newgt,589,1456,555,2011
calculix_base.x32_O1_icc.newgt,507,1218,961,2179
calculix_base.x32_O2_icc.newgt,521,1341,553,1894
calculix_base.x32_O3_icc.newgt,521,1338,556,1894
calculix_base.x64_O0_icc.newgt,1203,1428,521,1949
calculix_base.x64_O1_icc.newgt,1186,1137,741,1878
calculix_base.x64_O2_icc.newgt,1208,1293,586,1879
calculix_base.x64_O3_icc.newgt,1210,1292,587,1879
cam4_r_base.icc_x64_O0-m64.newgt,1351,4910,661,5571
cam4_r_base.icc_x64_O1-m64.newgt,1361,4670,728,5398
cam4_r_base.icc_x64_O2-m64.newgt,1490,4646,780,5426
cam4_r_base.icc_x64_O3-m64.newgt,1488,4646,779,5425
cam4_r_base.icc_x86_O0-m32.newgt,729,4946,704,5650
cam4_r_base.icc_x86_O1-m32.newgt,682,4710,1858,6568
cam4_r_base.icc_x86_O2-m32.newgt,1071,4710,1113,5823
cam4_r_base.icc_x86_O3-m32.newgt,1069,4710,1111,5821
cam4_validate_527_base.icc_x64_O0-m64.newgt,1002,1054,374,1428
cam4_validate_527_base.icc_x64_O1-m64.newgt,1003,857,417,1274
cam4_validate_527_base.icc_x64_O2-m64.newgt,1012,770,429,1199
cam4_validate_527_base.icc_x64_O3-m64.newgt,1012,770,429,1199
cam4_validate_527_base.icc_x86_O0-m32.newgt,410,1084,393,1477
cam4_validate_527_base.icc_x86_O1-m32.newgt,411,887,577,1464
cam4_validate_527_base.icc_x86_O2-m32.newgt,587,810,477,1287
cam4_validate_527_base.icc_x86_O3-m32.newgt,586,810,477,1287
cpugcc_r_base.icc_x64_O0-m64.newgt,86,26783,53,26836
cpugcc_r_base.icc_x64_O1-m64.newgt,167,14727,201,14928
cpugcc_r_base.icc_x64_O2-m64.newgt,800,11950,629,12579
cpugcc_r_base.icc_x64_O3-m64.newgt,800,11950,629,12579
cpugcc_r_base.icc_x86_O0-m32.newgt,25,26813,29,26842
cpugcc_r_base.icc_x86_O1-m32.newgt,70,15190,2555,17745
cpugcc_r_base.icc_x86_O2-m32.newgt,2402,12043,1413,13456
cpugcc_r_base.icc_x86_O3-m32.newgt,2398,12043,1413,13456
cpuxalan_r_base.icc_x64_O0-m64.newgt,314,31636,837,32473
cpuxalan_r_base.icc_x64_O1-m64.newgt,3662,13802,3472,17274
cpuxalan_r_base.icc_x64_O2-m64.newgt,6031,14082,1980,16062
cpuxalan_r_base.icc_x64_O3-m64.newgt,6029,14093,1969,16062
cpuxalan_r_base.icc_x86_O0-m32.newgt,294,31694,841,32535
cpuxalan_r_base.icc_x86_O1-m32.newgt,3819,15079,6543,21622
cpuxalan_r_base.icc_x86_O2-m32.newgt,5662,14559,2305,16864
cpuxalan_r_base.icc_x86_O3-m32.newgt,5604,14562,2302,16864
dealII_base.x32_O0_icc.newgt,340,21131,226,21357
dealII_base.x32_O1_icc.newgt,1700,9576,944,10520
dealII_base.x32_O2_icc.newgt,1397,8620,469,9089
dealII_base.x32_O3_icc.newgt,1359,8622,467,9089
dealII_base.x64_O0_icc.newgt,376,21142,228,21370
dealII_base.x64_O1_icc.newgt,1849,9162,975,10137
dealII_base.x64_O2_icc.newgt,2056,8551,572,9123
dealII_base.x64_O3_icc.newgt,2048,8553,570,9123
deepsjeng_r_base.icc_x64_O0-m64.newgt,1,131,1,132
deepsjeng_r_base.icc_x64_O1-m64.newgt,11,117,11,128
deepsjeng_r_base.icc_x64_O2-m64.newgt,180,122,27,149
deepsjeng_r_base.icc_x64_O3-m64.newgt,180,122,27,149
deepsjeng_r_base.icc_x86_O0-m32.newgt,1,134,1,135
deepsjeng_r_base.icc_x86_O1-m32.newgt,13,120,43,163
deepsjeng_r_base.icc_x86_O2-m32.newgt,81,126,37,163
deepsjeng_r_base.icc_x86_O3-m32.newgt,74,126,37,163
diffwrf_521_base.icc_x64_O0-m64.newgt,1445,6593,737,7330
diffwrf_521_base.icc_x64_O1-m64.newgt,1452,6454,759,7213
diffwrf_521_base.icc_x64_O2-m64.newgt,1632,6338,935,7273
diffwrf_521_base.icc_x64_O3-m64.newgt,1689,6338,947,7285
diffwrf_521_base.icc_x86_O0-m32.newgt,835,6628,813,7441
diffwrf_521_base.icc_x86_O1-m32.newgt,706,6487,2023,8510
diffwrf_521_base.icc_x86_O2-m32.newgt,1329,6468,1381,7849
diffwrf_521_base.icc_x86_O3-m32.newgt,1383,6468,1387,7855
exchange2_r_base.icc_x64_O0-m64.newgt,1000,51,372,423
exchange2_r_base.icc_x64_O1-m64.newgt,991,50,363,413
exchange2_r_base.icc_x64_O2-m64.newgt,991,50,363,413
exchange2_r_base.icc_x64_O3-m64.newgt,991,50,363,413
exchange2_r_base.icc_x86_O0-m32.newgt,408,80,391,471
exchange2_r_base.icc_x86_O1-m32.newgt,396,79,387,466
exchange2_r_base.icc_x86_O2-m32.newgt,396,79,386,465
exchange2_r_base.icc_x86_O3-m32.newgt,396,79,386,465
fotonik3d_r_base.icc_x64_O0-m64.newgt,1087,145,445,590
fotonik3d_r_base.icc_x64_O1-m64.newgt,1089,145,446,591
fotonik3d_r_base.icc_x64_O2-m64.newgt,1200,147,479,626
fotonik3d_r_base.icc_x64_O3-m64.newgt,1197,147,479,626
fotonik3d_r_base.icc_x86_O0-m32.newgt,490,179,474,653
fotonik3d_r_base.icc_x86_O1-m32.newgt,458,177,457,634
fotonik3d_r_base.icc_x86_O2-m32.newgt,780,179,489,668
fotonik3d_r_base.icc_x86_O3-m32.newgt,780,179,489,668
gamess_base.x32_O0_icc.newgt,587,2924,560,3484
gamess_base.x32_O1_icc.newgt,491,2916,2469,5385
gamess_base.x32_O2_icc.newgt,666,3005,1443,4448
gamess_base.x32_O3_icc.newgt,671,3005,1448,4453
gamess_base.x64_O0_icc.newgt,1204,2895,528,3423
gamess_base.x64_O1_icc.newgt,1226,2887,537,3424
gamess_base.x64_O2_icc.newgt,1346,2977,672,3649
gamess_base.x64_O3_icc.newgt,1345,2977,672,3649
gcc_base.x32_O0_icc.newgt,1,5563,63,5626
gcc_base.x32_O1_icc.newgt,47,4718,1017,5735
gcc_base.x32_O2_icc.newgt,1363,4142,650,4792
gcc_base.x32_O3_icc.newgt,1364,4141,651,4792
gcc_base.x64_O0_icc.newgt,59,5556,64,5620
gcc_base.x64_O1_icc.newgt,126,4640,224,4864
gcc_base.x64_O2_icc.newgt,805,4093,343,4436
gcc_base.x64_O3_icc.newgt,805,4094,342,4436
GemsFDTD_base.x32_O0_icc.newgt,593,190,559,749
GemsFDTD_base.x32_O1_icc.newgt,546,182,551,733
GemsFDTD_base.x32_O2_icc.newgt,548,187,534,721
GemsFDTD_base.x32_O3_icc.newgt,555,187,541,728
GemsFDTD_base.x64_O0_icc.newgt,1184,161,513,674
GemsFDTD_base.x64_O1_icc.newgt,1184,153,516,669
GemsFDTD_base.x64_O2_icc.newgt,1192,160,528,688
GemsFDTD_base.x64_O3_icc.newgt,1198,160,536,696
gobmk_base.x32_O0_icc.newgt,37,2693,39,2732
gobmk_base.x32_O1_icc.newgt,41,2542,174,2716
gobmk_base.x32_O2_icc.newgt,170,2461,95,2556
gobmk_base.x32_O3_icc.newgt,170,2462,95,2557
gobmk_base.x64_O0_icc.newgt,52,2691,39,2730
gobmk_base.x64_O1_icc.newgt,61,2529,70,2599
gobmk_base.x64_O2_icc.newgt,505,2453,108,2561
gobmk_base.x64_O3_icc.newgt,505,2453,108,2561
gromacs_base.x32_O0_icc.newgt,106,1549,107,1656
gromacs_base.x32_O1_icc.newgt,99,1240,330,1570
gromacs_base.x32_O2_icc.newgt,174,997,152,1149
gromacs_base.x32_O3_icc.newgt,174,997,152,1149
gromacs_base.x64_O0_icc.newgt,119,1546,90,1636
gromacs_base.x64_O1_icc.newgt,125,1227,109,1336
gromacs_base.x64_O2_icc.newgt,605,988,173,1161
gromacs_base.x64_O3_icc.newgt,603,988,173,1161
h264ref_base.x32_O0_icc.newgt,60,604,58,662
h264ref_base.x32_O1_icc.newgt,67,540,244,784
h264ref_base.x32_O2_icc.newgt,119,536,112,648
h264ref_base.x32_O3_icc.newgt,119,536,112,648
h264ref_base.x64_O0_icc.newgt,63,601,55,656
h264ref_base.x64_O1_icc.newgt,70,535,68,603
h264ref_base.x64_O2_icc.newgt,506,527,105,632
h264ref_base.x64_O3_icc.newgt,507,527,105,632
hmmer_base.x32_O0_icc.newgt,52,551,52,603
hmmer_base.x32_O1_icc.newgt,56,512,144,656
hmmer_base.x32_O2_icc.newgt,236,468,143,611
hmmer_base.x32_O3_icc.newgt,236,468,143,611
hmmer_base.x64_O0_icc.newgt,59,549,49,598
hmmer_base.x64_O1_icc.newgt,68,504,60,564
hmmer_base.x64_O2_icc.newgt,836,463,168,631
hmmer_base.x64_O3_icc.newgt,835,463,168,631
icc_binutils_32_O0_addr2line.newgt,244,1682,7,1689
icc_binutils_32_O0_ar.newgt,281,1762,9,1771
icc_binutils_32_O0_as-new.newgt,254,2431,7,2438
icc_binutils_32_O0_cxxfilt.newgt,245,1680,7,1687
icc_binutils_32_O0_elfedit.newgt,10,52,6,58
icc_binutils_32_O0_gprof.newgt,322,1773,9,1782
icc_binutils_32_O0_ld-new.newgt,461,2243,13,2256
icc_binutils_32_O0_nm-new.newgt,251,1714,7,1721
icc_binutils_32_O0_objcopy.newgt,406,2022,7,2029
icc_binutils_32_O0_objdump.newgt,576,2251,8,2259
icc_binutils_32_O0_ranlib.newgt,281,1762,9,1771
icc_binutils_32_O0_readelf.newgt,2676,359,3,362
icc_binutils_32_O0_size.newgt,244,1694,8,1702
icc_binutils_32_O0_strings.newgt,244,1682,7,1689
icc_binutils_32_O0_strip-new.newgt,406,2022,7,2029
icc_binutils_32_O0_sysinfo.newgt,21,44,2,46
icc_binutils_32_O1_addr2line.newgt,0,1422,238,1660
icc_binutils_32_O1_ar.newgt,1,1495,250,1745
icc_binutils_32_O1_as-new.newgt,0,2054,352,2406
icc_binutils_32_O1_cxxfilt.newgt,0,1420,238,1658
icc_binutils_32_O1_elfedit.newgt,0,50,18,68
icc_binutils_32_O1_gprof.newgt,0,1489,245,1734
icc_binutils_32_O1_ld-new.newgt,0,1891,303,2194
icc_binutils_32_O1_nm-new.newgt,0,1447,241,1688
icc_binutils_32_O1_objcopy.newgt,0,1701,263,1964
icc_binutils_32_O1_objdump.newgt,0,1903,289,2192
icc_binutils_32_O1_ranlib.newgt,1,1495,250,1745
icc_binutils_32_O1_readelf.newgt,0,241,21,262
icc_binutils_32_O1_size.newgt,0,1434,239,1673
icc_binutils_32_O1_strings.newgt,0,1424,237,1661
icc_binutils_32_O1_strip-new.newgt,0,1701,263,1964
icc_binutils_32_O1_sysinfo.newgt,1,46,11,57
icc_binutils_32_O2_addr2line.newgt,65,1274,102,1376
icc_binutils_32_O2_ar.newgt,65,1339,110,1449
icc_binutils_32_O2_as-new.newgt,65,1829,137,1966
icc_binutils_32_O2_cxxfilt.newgt,65,1272,102,1374
icc_binutils_32_O2_elfedit.newgt,24,60,17,77
icc_binutils_32_O2_gprof.newgt,65,1327,104,1431
icc_binutils_32_O2_ld-new.newgt,65,1704,126,1830
icc_binutils_32_O2_nm-new.newgt,65,1297,102,1399
icc_binutils_32_O2_objcopy.newgt,65,1525,110,1635
icc_binutils_32_O2_objdump.newgt,65,1712,120,1832
icc_binutils_32_O2_ranlib.newgt,65,1339,110,1449
icc_binutils_32_O2_readelf.newgt,65,236,29,265
icc_binutils_32_O2_size.newgt,65,1283,102,1385
icc_binutils_32_O2_strings.newgt,65,1275,102,1377
icc_binutils_32_O2_strip-new.newgt,65,1525,110,1635
icc_binutils_32_O2_sysinfo.newgt,24,45,13,58
icc_binutils_32_O3_addr2line.newgt,65,1272,104,1376
icc_binutils_32_O3_ar.newgt,65,1337,112,1449
icc_binutils_32_O3_as-new.newgt,65,1827,139,1966
icc_binutils_32_O3_cxxfilt.newgt,65,1270,104,1374
icc_binutils_32_O3_elfedit.newgt,24,60,17,77
icc_binutils_32_O3_gprof.newgt,65,1325,106,1431
icc_binutils_32_O3_ld-new.newgt,65,1702,128,1830
icc_binutils_32_O3_nm-new.newgt,65,1295,104,1399
icc_binutils_32_O3_objcopy.newgt,65,1523,112,1635
icc_binutils_32_O3_objdump.newgt,65,1710,122,1832
icc_binutils_32_O3_ranlib.newgt,65,1337,112,1449
icc_binutils_32_O3_readelf.newgt,65,236,29,265
icc_binutils_32_O3_size.newgt,65,1281,104,1385
icc_binutils_32_O3_strings.newgt,65,1273,104,1377
icc_binutils_32_O3_strip-new.newgt,65,1523,112,1635
icc_binutils_32_O3_sysinfo.newgt,24,45,13,58
icc_binutils_64_O0_addr2line.newgt,252,1674,7,1681
icc_binutils_64_O0_ar.newgt,289,1754,9,1763
icc_binutils_64_O0_as-new.newgt,271,2423,7,2430
icc_binutils_64_O0_cxxfilt.newgt,253,1672,7,1679
icc_binutils_64_O0_elfedit.newgt,12,50,5,55
icc_binutils_64_O0_gprof.newgt,327,1765,9,1774
icc_binutils_64_O0_ld-new.newgt,477,2235,13,2248
icc_binutils_64_O0_nm-new.newgt,259,1706,7,1713
icc_binutils_64_O0_objcopy.newgt,419,2014,7,2021
icc_binutils_64_O0_objdump.newgt,595,2242,9,2251
icc_binutils_64_O0_ranlib.newgt,289,1754,9,1763
icc_binutils_64_O0_readelf.newgt,2678,354,2,356
icc_binutils_64_O0_size.newgt,252,1686,8,1694
icc_binutils_64_O0_strings.newgt,252,1674,7,1681
icc_binutils_64_O0_strip-new.newgt,419,2014,7,2021
icc_binutils_64_O0_sysinfo.newgt,21,44,2,46
icc_binutils_64_O1_addr2line.newgt,12,1398,49,1447
icc_binutils_64_O1_ar.newgt,13,1470,50,1520
icc_binutils_64_O1_as-new.newgt,22,2016,70,2086
icc_binutils_64_O1_cxxfilt.newgt,12,1395,50,1445
icc_binutils_64_O1_elfedit.newgt,4,50,6,56
icc_binutils_64_O1_gprof.newgt,9,1464,51,1515
icc_binutils_64_O1_ld-new.newgt,20,1860,68,1928
icc_binutils_64_O1_nm-new.newgt,12,1423,51,1474
icc_binutils_64_O1_objcopy.newgt,17,1674,68,1742
icc_binutils_64_O1_objdump.newgt,20,1875,78,1953
icc_binutils_64_O1_ranlib.newgt,13,1470,50,1520
icc_binutils_64_O1_readelf.newgt,4,238,4,242
icc_binutils_64_O1_size.newgt,12,1410,49,1459
icc_binutils_64_O1_strings.newgt,12,1399,49,1448
icc_binutils_64_O1_strip-new.newgt,17,1674,68,1742
icc_binutils_64_O1_sysinfo.newgt,3,45,3,48
icc_binutils_64_O2_addr2line.newgt,617,1250,59,1309
icc_binutils_64_O2_ar.newgt,617,1315,59,1374
icc_binutils_64_O2_as-new.newgt,628,1787,74,1861
icc_binutils_64_O2_cxxfilt.newgt,617,1248,59,1307
icc_binutils_64_O2_elfedit.newgt,485,60,13,73
icc_binutils_64_O2_gprof.newgt,614,1303,59,1362
icc_binutils_64_O2_ld-new.newgt,626,1673,67,1740
icc_binutils_64_O2_nm-new.newgt,617,1272,59,1331
icc_binutils_64_O2_objcopy.newgt,622,1459,105,1564
icc_binutils_64_O2_objdump.newgt,626,1647,112,1759
icc_binutils_64_O2_ranlib.newgt,617,1315,59,1374
icc_binutils_64_O2_readelf.newgt,608,234,16,250
icc_binutils_64_O2_size.newgt,617,1259,59,1318
icc_binutils_64_O2_strings.newgt,617,1251,59,1310
icc_binutils_64_O2_strip-new.newgt,622,1459,105,1564
icc_binutils_64_O2_sysinfo.newgt,254,45,8,53
icc_binutils_64_O3_addr2line.newgt,617,1251,58,1309
icc_binutils_64_O3_ar.newgt,617,1316,58,1374
icc_binutils_64_O3_as-new.newgt,628,1788,73,1861
icc_binutils_64_O3_cxxfilt.newgt,617,1249,58,1307
icc_binutils_64_O3_elfedit.newgt,485,60,13,73
icc_binutils_64_O3_gprof.newgt,614,1304,58,1362
icc_binutils_64_O3_ld-new.newgt,625,1674,66,1740
icc_binutils_64_O3_nm-new.newgt,617,1273,58,1331
icc_binutils_64_O3_objcopy.newgt,622,1460,104,1564
icc_binutils_64_O3_objdump.newgt,626,1648,111,1759
icc_binutils_64_O3_ranlib.newgt,617,1316,58,1374
icc_binutils_64_O3_readelf.newgt,608,234,16,250
icc_binutils_64_O3_size.newgt,617,1260,58,1318
icc_binutils_64_O3_strings.newgt,617,1252,58,1310
icc_binutils_64_O3_strip-new.newgt,622,1460,104,1564
icc_binutils_64_O3_sysinfo.newgt,254,45,8,53
icc_coreutils_32_O0_[.newgt,21,130,2,132
icc_coreutils_32_O0_base64.newgt,0,124,1,125
icc_coreutils_32_O0_basename.newgt,0,107,1,108
icc_coreutils_32_O0_cat.newgt,0,142,1,143
icc_coreutils_32_O0_chcon.newgt,0,226,3,229
icc_coreutils_32_O0_chgrp.newgt,0,218,2,220
icc_coreutils_32_O0_chmod.newgt,1,214,3,217
icc_coreutils_32_O0_chown.newgt,0,220,2,222
icc_coreutils_32_O0_chroot.newgt,0,110,3,113
icc_coreutils_32_O0_cksum.newgt,0,110,3,113
icc_coreutils_32_O0_comm.newgt,0,121,1,122
icc_coreutils_32_O0_cp.newgt,0,332,1,333
icc_coreutils_32_O0_csplit.newgt,6,318,4,322
icc_coreutils_32_O0_cut.newgt,0,167,3,170
icc_coreutils_32_O0_date.newgt,0,150,1,151
icc_coreutils_32_O0_dd.newgt,0,172,1,173
icc_coreutils_32_O0_df.newgt,1,286,2,288
icc_coreutils_32_O0_dir.newgt,8,359,1,360
icc_coreutils_32_O0_dircolors.newgt,0,110,1,111
icc_coreutils_32_O0_dirname.newgt,0,102,2,104
icc_coreutils_32_O0_du.newgt,0,328,2,330
icc_coreutils_32_O0_echo.newgt,6,93,1,94
icc_coreutils_32_O0_env.newgt,0,101,3,104
icc_coreutils_32_O0_expand.newgt,0,113,1,114
icc_coreutils_32_O0_expr.newgt,6,287,3,290
icc_coreutils_32_O0_factor.newgt,1,195,2,197
icc_coreutils_32_O0_false.newgt,0,89,3,92
icc_coreutils_32_O0_fmt.newgt,0,124,2,126
icc_coreutils_32_O0_fold.newgt,0,110,1,111
icc_coreutils_32_O0_getlimits.newgt,0,130,1,131
icc_coreutils_32_O0_ginstall.newgt,1,358,1,359
icc_coreutils_32_O0_groups.newgt,0,110,2,112
icc_coreutils_32_O0_head.newgt,0,131,1,132
icc_coreutils_32_O0_hostid.newgt,0,101,2,103
icc_coreutils_32_O0_id.newgt,0,114,2,116
icc_coreutils_32_O0_join.newgt,0,145,1,146
icc_coreutils_32_O0_kill.newgt,0,109,1,110
icc_coreutils_32_O0_link.newgt,0,101,2,103
icc_coreutils_32_O0_ln.newgt,0,200,2,202
icc_coreutils_32_O0_logname.newgt,0,100,3,103
icc_coreutils_32_O0_ls.newgt,8,359,1,360
icc_coreutils_32_O0_make-prime-list.newgt,0,15,2,17
icc_coreutils_32_O0_md5sum.newgt,0,127,2,129
icc_coreutils_32_O0_mkdir.newgt,1,148,1,149
icc_coreutils_32_O0_mkfifo.newgt,0,106,3,109
icc_coreutils_32_O0_mknod.newgt,0,112,3,115
icc_coreutils_32_O0_mktemp.newgt,0,141,1,142
icc_coreutils_32_O0_mv.newgt,4,369,2,371
icc_coreutils_32_O0_nice.newgt,0,106,2,108
icc_coreutils_32_O0_nl.newgt,6,285,2,287
icc_coreutils_32_O0_nohup.newgt,0,110,2,112
icc_coreutils_32_O0_nproc.newgt,0,105,2,107
icc_coreutils_32_O0_numfmt.newgt,23,171,1,172
icc_coreutils_32_O0_od.newgt,2,173,3,176
icc_coreutils_32_O0_paste.newgt,0,109,2,111
icc_coreutils_32_O0_pathchk.newgt,0,106,2,108
icc_coreutils_32_O0_pinky.newgt,0,124,2,126
icc_coreutils_32_O0_pr.newgt,0,172,2,174
icc_coreutils_32_O0_printenv.newgt,0,101,2,103
icc_coreutils_32_O0_printf.newgt,1,135,1,136
icc_coreutils_32_O0_ptx.newgt,6,323,4,327
icc_coreutils_32_O0_pwd.newgt,0,116,2,118
icc_coreutils_32_O0_readlink.newgt,0,166,2,168
icc_coreutils_32_O0_realpath.newgt,0,200,1,201
icc_coreutils_32_O0_rm.newgt,4,234,1,235
icc_coreutils_32_O0_rmdir.newgt,2,129,2,131
icc_coreutils_32_O0_runcon.newgt,0,104,3,107
icc_coreutils_32_O0_seq.newgt,1,135,1,136
icc_coreutils_32_O0_setuidgid.newgt,0,108,3,111
icc_coreutils_32_O0_sha1sum.newgt,0,127,2,129
icc_coreutils_32_O0_sha224sum.newgt,0,134,1,135
icc_coreutils_32_O0_sha256sum.newgt,0,133,2,135
icc_coreutils_32_O0_sha384sum.newgt,0,135,2,137
icc_coreutils_32_O0_sha512sum.newgt,0,135,2,137
icc_coreutils_32_O0_shred.newgt,0,169,1,170
icc_coreutils_32_O0_shuf.newgt,0,199,1,200
icc_coreutils_32_O0_sleep.newgt,0,108,1,109
icc_coreutils_32_O0_sort.newgt,2,325,2,327
icc_coreutils_32_O0_split.newgt,0,173,2,175
icc_coreutils_32_O0_stat.newgt,1,200,2,202
icc_coreutils_32_O0_stdbuf.newgt,1,170,1,171
icc_coreutils_32_O0_stty.newgt,6,151,2,153
icc_coreutils_32_O0_sum.newgt,0,126,3,129
icc_coreutils_32_O0_sync.newgt,0,100,3,103
icc_coreutils_32_O0_tac.newgt,6,280,2,282
icc_coreutils_32_O0_tail.newgt,0,221,2,223
icc_coreutils_32_O0_tee.newgt,0,109,2,111
icc_coreutils_32_O0_test.newgt,21,130,2,132
icc_coreutils_32_O0_timeout.newgt,0,145,1,146
icc_coreutils_32_O0_touch.newgt,0,171,3,174
icc_coreutils_32_O0_tr.newgt,0,147,1,148
icc_coreutils_32_O0_true.newgt,0,89,3,92
icc_coreutils_32_O0_truncate.newgt,0,141,1,142
icc_coreutils_32_O0_tsort.newgt,0,120,1,121
icc_coreutils_32_O0_tty.newgt,0,101,2,103
icc_coreutils_32_O0_uname.newgt,0,103,1,104
icc_coreutils_32_O0_unexpand.newgt,0,113,1,114
icc_coreutils_32_O0_uniq.newgt,0,133,2,135
icc_coreutils_32_O0_unlink.newgt,0,100,3,103
icc_coreutils_32_O0_uptime.newgt,0,115,2,117
icc_coreutils_32_O0_users.newgt,0,106,3,109
icc_coreutils_32_O0_vdir.newgt,8,359,1,360
icc_coreutils_32_O0_wc.newgt,0,132,1,133
icc_coreutils_32_O0_who.newgt,1,149,2,151
icc_coreutils_32_O0_whoami.newgt,0,100,3,103
icc_coreutils_32_O0_yes.newgt,0,102,2,104
icc_coreutils_32_O1_[.newgt,0,118,23,141
icc_coreutils_32_O1_base64.newgt,0,117,27,144
icc_coreutils_32_O1_basename.newgt,0,109,23,132
icc_coreutils_32_O1_cat.newgt,0,133,25,158
icc_coreutils_32_O1_chcon.newgt,0,201,29,230
icc_coreutils_32_O1_chgrp.newgt,0,193,29,222
icc_coreutils_32_O1_chmod.newgt,0,190,27,217
icc_coreutils_32_O1_chown.newgt,0,195,29,224
icc_coreutils_32_O1_chroot.newgt,0,112,25,137
icc_coreutils_32_O1_cksum.newgt,0,111,25,136
icc_coreutils_32_O1_comm.newgt,0,124,25,149
icc_coreutils_32_O1_cp.newgt,0,269,47,316
icc_coreutils_32_O1_csplit.newgt,0,254,27,281
icc_coreutils_32_O1_cut.newgt,0,150,28,178
icc_coreutils_32_O1_date.newgt,0,133,29,162
icc_coreutils_32_O1_dd.newgt,0,153,26,179
icc_coreutils_32_O1_df.newgt,0,238,34,272
icc_coreutils_32_O1_dir.newgt,0,293,36,329
icc_coreutils_32_O1_dircolors.newgt,0,111,23,134
icc_coreutils_32_O1_dirname.newgt,0,106,25,131
icc_coreutils_32_O1_du.newgt,0,272,34,306
icc_coreutils_32_O1_echo.newgt,0,98,21,119
icc_coreutils_32_O1_env.newgt,0,103,25,128
icc_coreutils_32_O1_expand.newgt,0,111,25,136
icc_coreutils_32_O1_expr.newgt,0,241,25,266
icc_coreutils_32_O1_factor.newgt,0,176,27,203
icc_coreutils_32_O1_false.newgt,0,96,22,118
icc_coreutils_32_O1_fmt.newgt,0,122,25,147
icc_coreutils_32_O1_fold.newgt,0,112,24,136
icc_coreutils_32_O1_getlimits.newgt,0,127,23,150
icc_coreutils_32_O1_ginstall.newgt,0,289,46,335
icc_coreutils_32_O1_groups.newgt,0,113,24,137
icc_coreutils_32_O1_head.newgt,0,124,23,147
icc_coreutils_32_O1_hostid.newgt,0,105,24,129
icc_coreutils_32_O1_id.newgt,0,115,24,139
icc_coreutils_32_O1_join.newgt,0,142,24,166
icc_coreutils_32_O1_kill.newgt,0,109,23,132
icc_coreutils_32_O1_link.newgt,0,104,25,129
icc_coreutils_32_O1_ln.newgt,0,182,32,214
icc_coreutils_32_O1_logname.newgt,0,105,24,129
icc_coreutils_32_O1_ls.newgt,0,293,36,329
icc_coreutils_32_O1_make-prime-list.newgt,0,18,2,20
icc_coreutils_32_O1_md5sum.newgt,0,120,31,151
icc_coreutils_32_O1_mkdir.newgt,0,142,26,168
icc_coreutils_32_O1_mkfifo.newgt,0,109,24,133
icc_coreutils_32_O1_mknod.newgt,0,114,24,138
icc_coreutils_32_O1_mktemp.newgt,0,131,28,159
icc_coreutils_32_O1_mv.newgt,0,293,47,340
icc_coreutils_32_O1_nice.newgt,0,107,24,131
icc_coreutils_32_O1_nl.newgt,0,235,27,262
icc_coreutils_32_O1_nohup.newgt,0,112,24,136
icc_coreutils_32_O1_nproc.newgt,0,109,24,133
icc_coreutils_32_O1_numfmt.newgt,0,151,27,178
icc_coreutils_32_O1_od.newgt,0,160,27,187
icc_coreutils_32_O1_paste.newgt,0,107,25,132
icc_coreutils_32_O1_pathchk.newgt,0,107,24,131
icc_coreutils_32_O1_pinky.newgt,0,119,25,144
icc_coreutils_32_O1_pr.newgt,0,155,24,179
icc_coreutils_32_O1_printenv.newgt,0,104,24,128
icc_coreutils_32_O1_printf.newgt,0,128,24,152
icc_coreutils_32_O1_ptx.newgt,0,268,32,300
icc_coreutils_32_O1_pwd.newgt,0,116,23,139
icc_coreutils_32_O1_readlink.newgt,0,156,28,184
icc_coreutils_32_O1_realpath.newgt,0,182,28,210
icc_coreutils_32_O1_rm.newgt,0,201,31,232
icc_coreutils_32_O1_rmdir.newgt,0,123,24,147
icc_coreutils_32_O1_runcon.newgt,0,104,28,132
icc_coreutils_32_O1_seq.newgt,0,127,23,150
icc_coreutils_32_O1_setuidgid.newgt,0,111,25,136
icc_coreutils_32_O1_sha1sum.newgt,0,120,31,151
icc_coreutils_32_O1_sha224sum.newgt,0,125,35,160
icc_coreutils_32_O1_sha256sum.newgt,0,125,35,160
icc_coreutils_32_O1_sha384sum.newgt,0,125,35,160
icc_coreutils_32_O1_sha512sum.newgt,0,125,35,160
icc_coreutils_32_O1_shred.newgt,0,156,29,185
icc_coreutils_32_O1_shuf.newgt,0,174,30,204
icc_coreutils_32_O1_sleep.newgt,0,108,25,133
icc_coreutils_32_O1_sort.newgt,0,263,38,301
icc_coreutils_32_O1_split.newgt,0,152,24,176
icc_coreutils_32_O1_stat.newgt,0,169,29,198
icc_coreutils_32_O1_stdbuf.newgt,0,153,26,179
icc_coreutils_32_O1_stty.newgt,0,140,25,165
icc_coreutils_32_O1_sum.newgt,0,124,28,152
icc_coreutils_32_O1_sync.newgt,0,104,25,129
icc_coreutils_32_O1_tac.newgt,0,228,26,254
icc_coreutils_32_O1_tail.newgt,0,178,31,209
icc_coreutils_32_O1_tee.newgt,0,109,25,134
icc_coreutils_32_O1_test.newgt,0,114,21,135
icc_coreutils_32_O1_timeout.newgt,0,134,25,159
icc_coreutils_32_O1_touch.newgt,0,154,31,185
icc_coreutils_32_O1_tr.newgt,0,129,25,154
icc_coreutils_32_O1_true.newgt,0,95,23,118
icc_coreutils_32_O1_truncate.newgt,0,131,25,156
icc_coreutils_32_O1_tsort.newgt,0,119,27,146
icc_coreutils_32_O1_tty.newgt,0,103,25,128
icc_coreutils_32_O1_uname.newgt,0,106,23,129
icc_coreutils_32_O1_unexpand.newgt,0,111,24,135
icc_coreutils_32_O1_uniq.newgt,0,136,27,163
icc_coreutils_32_O1_unlink.newgt,0,104,25,129
icc_coreutils_32_O1_uptime.newgt,0,115,24,139
icc_coreutils_32_O1_users.newgt,0,108,25,133
icc_coreutils_32_O1_vdir.newgt,0,293,36,329
icc_coreutils_32_O1_wc.newgt,0,130,24,154
icc_coreutils_32_O1_who.newgt,0,134,25,159
icc_coreutils_32_O1_whoami.newgt,0,105,24,129
icc_coreutils_32_O1_yes.newgt,0,105,24,129
icc_coreutils_32_O2_[.newgt,65,93,27,120
icc_coreutils_32_O2_base64.newgt,65,101,33,134
icc_coreutils_32_O2_basename.newgt,65,92,28,120
icc_coreutils_32_O2_cat.newgt,65,118,33,151
icc_coreutils_32_O2_chcon.newgt,65,161,37,198
icc_coreutils_32_O2_chgrp.newgt,65,155,36,191
icc_coreutils_32_O2_chmod.newgt,65,152,34,186
icc_coreutils_32_O2_chown.newgt,65,156,36,192
icc_coreutils_32_O2_chroot.newgt,65,95,28,123
icc_coreutils_32_O2_cksum.newgt,65,97,28,125
icc_coreutils_32_O2_comm.newgt,65,104,29,133
icc_coreutils_32_O2_cp.newgt,65,237,41,278
icc_coreutils_32_O2_csplit.newgt,65,173,40,213
icc_coreutils_32_O2_cut.newgt,65,126,31,157
icc_coreutils_32_O2_date.newgt,65,110,31,141
icc_coreutils_32_O2_dd.newgt,65,123,36,159
icc_coreutils_32_O2_df.newgt,65,201,38,239
icc_coreutils_32_O2_dir.newgt,67,235,39,274
icc_coreutils_32_O2_dircolors.newgt,65,94,28,122
icc_coreutils_32_O2_dirname.newgt,65,91,28,119
icc_coreutils_32_O2_du.newgt,65,222,36,258
icc_coreutils_32_O2_echo.newgt,65,81,27,108
icc_coreutils_32_O2_env.newgt,65,89,28,117
icc_coreutils_32_O2_expand.newgt,65,94,28,122
icc_coreutils_32_O2_expr.newgt,65,164,40,204
icc_coreutils_32_O2_factor.newgt,65,150,33,183
icc_coreutils_32_O2_false.newgt,65,81,27,108
icc_coreutils_32_O2_fmt.newgt,65,97,29,126
icc_coreutils_32_O2_fold.newgt,65,95,32,127
icc_coreutils_32_O2_getlimits.newgt,65,114,33,147
icc_coreutils_32_O2_ginstall.newgt,65,250,41,291
icc_coreutils_32_O2_groups.newgt,65,96,28,124
icc_coreutils_32_O2_head.newgt,65,101,27,128
icc_coreutils_32_O2_hostid.newgt,65,90,28,118
icc_coreutils_32_O2_id.newgt,65,96,28,124
icc_coreutils_32_O2_join.newgt,65,115,26,141
icc_coreutils_32_O2_kill.newgt,65,92,28,120
icc_coreutils_32_O2_link.newgt,65,90,28,118
icc_coreutils_32_O2_ln.newgt,65,156,37,193
icc_coreutils_32_O2_logname.newgt,65,90,28,118
icc_coreutils_32_O2_ls.newgt,67,235,39,274
icc_coreutils_32_O2_make-prime-list.newgt,41,20,11,31
icc_coreutils_32_O2_md5sum.newgt,65,102,30,132
icc_coreutils_32_O2_mkdir.newgt,65,124,28,152
icc_coreutils_32_O2_mkfifo.newgt,65,92,28,120
icc_coreutils_32_O2_mknod.newgt,65,94,29,123
icc_coreutils_32_O2_mktemp.newgt,65,115,30,145
icc_coreutils_32_O2_mv.newgt,65,244,41,285
icc_coreutils_32_O2_nice.newgt,65,90,28,118
icc_coreutils_32_O2_nl.newgt,65,165,39,204
icc_coreutils_32_O2_nohup.newgt,65,97,28,125
icc_coreutils_32_O2_nproc.newgt,65,91,28,119
icc_coreutils_32_O2_numfmt.newgt,65,120,29,149
icc_coreutils_32_O2_od.newgt,65,137,28,165
icc_coreutils_32_O2_paste.newgt,65,91,28,119
icc_coreutils_32_O2_pathchk.newgt,65,90,28,118
icc_coreutils_32_O2_pinky.newgt,65,103,28,131
icc_coreutils_32_O2_pr.newgt,65,120,28,148
icc_coreutils_32_O2_printenv.newgt,65,89,28,117
icc_coreutils_32_O2_printf.newgt,65,111,28,139
icc_coreutils_32_O2_ptx.newgt,65,194,43,237
icc_coreutils_32_O2_pwd.newgt,65,93,33,126
icc_coreutils_32_O2_readlink.newgt,65,131,36,167
icc_coreutils_32_O2_realpath.newgt,65,154,36,190
icc_coreutils_32_O2_rm.newgt,65,160,36,196
icc_coreutils_32_O2_rmdir.newgt,65,106,28,134
icc_coreutils_32_O2_runcon.newgt,65,92,28,120
icc_coreutils_32_O2_seq.newgt,65,110,29,139
icc_coreutils_32_O2_setuidgid.newgt,65,93,28,121
icc_coreutils_32_O2_sha1sum.newgt,65,102,30,132
icc_coreutils_32_O2_sha224sum.newgt,65,107,30,137
icc_coreutils_32_O2_sha256sum.newgt,65,107,30,137
icc_coreutils_32_O2_sha384sum.newgt,65,107,30,137
icc_coreutils_32_O2_sha512sum.newgt,65,107,30,137
icc_coreutils_32_O2_shred.newgt,65,129,34,163
icc_coreutils_32_O2_shuf.newgt,65,143,31,174
icc_coreutils_32_O2_sleep.newgt,65,94,28,122
icc_coreutils_32_O2_sort.newgt,65,208,37,245
icc_coreutils_32_O2_split.newgt,65,136,33,169
icc_coreutils_32_O2_stat.newgt,65,143,35,178
icc_coreutils_32_O2_stdbuf.newgt,65,139,33,172
icc_coreutils_32_O2_stty.newgt,65,110,29,139
icc_coreutils_32_O2_sum.newgt,65,106,34,140
icc_coreutils_32_O2_sync.newgt,65,89,29,118
icc_coreutils_32_O2_tac.newgt,65,160,41,201
icc_coreutils_32_O2_tail.newgt,65,144,31,175
icc_coreutils_32_O2_tee.newgt,65,93,29,122
icc_coreutils_32_O2_test.newgt,65,88,26,114
icc_coreutils_32_O2_timeout.newgt,65,119,34,153
icc_coreutils_32_O2_touch.newgt,65,126,37,163
icc_coreutils_32_O2_tr.newgt,65,104,28,132
icc_coreutils_32_O2_true.newgt,65,81,27,108
icc_coreutils_32_O2_truncate.newgt,65,115,34,149
icc_coreutils_32_O2_tsort.newgt,65,100,28,128
icc_coreutils_32_O2_tty.newgt,65,89,28,117
icc_coreutils_32_O2_uname.newgt,65,89,28,117
icc_coreutils_32_O2_unexpand.newgt,65,94,28,122
icc_coreutils_32_O2_uniq.newgt,65,112,27,139
icc_coreutils_32_O2_unlink.newgt,65,90,28,118
icc_coreutils_32_O2_uptime.newgt,65,100,28,128
icc_coreutils_32_O2_users.newgt,65,94,28,122
icc_coreutils_32_O2_vdir.newgt,67,235,39,274
icc_coreutils_32_O2_wc.newgt,65,109,28,137
icc_coreutils_32_O2_who.newgt,65,119,29,148
icc_coreutils_32_O2_whoami.newgt,65,90,28,118
icc_coreutils_32_O2_yes.newgt,65,90,28,118
icc_coreutils_32_O3_[.newgt,65,93,27,120
icc_coreutils_32_O3_base64.newgt,65,101,33,134
icc_coreutils_32_O3_basename.newgt,65,92,28,120
icc_coreutils_32_O3_cat.newgt,65,118,33,151
icc_coreutils_32_O3_chcon.newgt,65,161,37,198
icc_coreutils_32_O3_chgrp.newgt,65,155,36,191
icc_coreutils_32_O3_chmod.newgt,65,152,34,186
icc_coreutils_32_O3_chown.newgt,65,156,36,192
icc_coreutils_32_O3_chroot.newgt,65,95,28,123
icc_coreutils_32_O3_cksum.newgt,65,97,28,125
icc_coreutils_32_O3_comm.newgt,65,104,29,133
icc_coreutils_32_O3_cp.newgt,65,237,41,278
icc_coreutils_32_O3_csplit.newgt,65,173,40,213
icc_coreutils_32_O3_cut.newgt,65,126,31,157
icc_coreutils_32_O3_date.newgt,65,110,31,141
icc_coreutils_32_O3_dd.newgt,65,123,36,159
icc_coreutils_32_O3_df.newgt,65,201,38,239
icc_coreutils_32_O3_dir.newgt,67,235,39,274
icc_coreutils_32_O3_dircolors.newgt,65,94,28,122
icc_coreutils_32_O3_dirname.newgt,65,91,28,119
icc_coreutils_32_O3_du.newgt,65,222,36,258
icc_coreutils_32_O3_echo.newgt,65,81,27,108
icc_coreutils_32_O3_env.newgt,65,89,28,117
icc_coreutils_32_O3_expand.newgt,65,94,28,122
icc_coreutils_32_O3_expr.newgt,65,164,40,204
icc_coreutils_32_O3_factor.newgt,65,150,33,183
icc_coreutils_32_O3_false.newgt,65,81,27,108
icc_coreutils_32_O3_fmt.newgt,65,97,29,126
icc_coreutils_32_O3_fold.newgt,65,95,32,127
icc_coreutils_32_O3_getlimits.newgt,65,114,33,147
icc_coreutils_32_O3_ginstall.newgt,65,250,41,291
icc_coreutils_32_O3_groups.newgt,65,96,28,124
icc_coreutils_32_O3_head.newgt,65,101,27,128
icc_coreutils_32_O3_hostid.newgt,65,90,28,118
icc_coreutils_32_O3_id.newgt,65,96,28,124
icc_coreutils_32_O3_join.newgt,65,115,26,141
icc_coreutils_32_O3_kill.newgt,65,92,28,120
icc_coreutils_32_O3_link.newgt,65,90,28,118
icc_coreutils_32_O3_ln.newgt,65,156,37,193
icc_coreutils_32_O3_logname.newgt,65,90,28,118
icc_coreutils_32_O3_ls.newgt,67,235,39,274
icc_coreutils_32_O3_make-prime-list.newgt,41,20,11,31
icc_coreutils_32_O3_md5sum.newgt,65,102,30,132
icc_coreutils_32_O3_mkdir.newgt,65,124,28,152
icc_coreutils_32_O3_mkfifo.newgt,65,92,28,120
icc_coreutils_32_O3_mknod.newgt,65,94,29,123
icc_coreutils_32_O3_mktemp.newgt,65,115,30,145
icc_coreutils_32_O3_mv.newgt,65,244,41,285
icc_coreutils_32_O3_nice.newgt,65,90,28,118
icc_coreutils_32_O3_nl.newgt,65,165,39,204
icc_coreutils_32_O3_nohup.newgt,65,97,28,125
icc_coreutils_32_O3_nproc.newgt,65,91,28,119
icc_coreutils_32_O3_numfmt.newgt,65,120,29,149
icc_coreutils_32_O3_od.newgt,65,137,28,165
icc_coreutils_32_O3_paste.newgt,65,91,28,119
icc_coreutils_32_O3_pathchk.newgt,65,90,28,118
icc_coreutils_32_O3_pinky.newgt,65,103,28,131
icc_coreutils_32_O3_pr.newgt,65,120,28,148
icc_coreutils_32_O3_printenv.newgt,65,89,28,117
icc_coreutils_32_O3_printf.newgt,65,111,28,139
icc_coreutils_32_O3_ptx.newgt,65,194,43,237
icc_coreutils_32_O3_pwd.newgt,65,93,33,126
icc_coreutils_32_O3_readlink.newgt,65,131,36,167
icc_coreutils_32_O3_realpath.newgt,65,154,36,190
icc_coreutils_32_O3_rm.newgt,65,160,36,196
icc_coreutils_32_O3_rmdir.newgt,65,106,28,134
icc_coreutils_32_O3_runcon.newgt,65,92,28,120
icc_coreutils_32_O3_seq.newgt,65,110,29,139
icc_coreutils_32_O3_setuidgid.newgt,65,93,28,121
icc_coreutils_32_O3_sha1sum.newgt,65,102,30,132
icc_coreutils_32_O3_sha224sum.newgt,65,107,30,137
icc_coreutils_32_O3_sha256sum.newgt,65,107,30,137
icc_coreutils_32_O3_sha384sum.newgt,65,107,30,137
icc_coreutils_32_O3_sha512sum.newgt,65,107,30,137
icc_coreutils_32_O3_shred.newgt,65,129,34,163
icc_coreutils_32_O3_shuf.newgt,65,143,31,174
icc_coreutils_32_O3_sleep.newgt,65,94,28,122
icc_coreutils_32_O3_sort.newgt,65,208,37,245
icc_coreutils_32_O3_split.newgt,65,136,33,169
icc_coreutils_32_O3_stat.newgt,65,143,35,178
icc_coreutils_32_O3_stdbuf.newgt,65,139,33,172
icc_coreutils_32_O3_stty.newgt,65,110,29,139
icc_coreutils_32_O3_sum.newgt,65,106,34,140
icc_coreutils_32_O3_sync.newgt,65,89,29,118
icc_coreutils_32_O3_tac.newgt,65,160,41,201
icc_coreutils_32_O3_tail.newgt,65,144,31,175
icc_coreutils_32_O3_tee.newgt,65,93,29,122
icc_coreutils_32_O3_test.newgt,65,88,26,114
icc_coreutils_32_O3_timeout.newgt,65,119,34,153
icc_coreutils_32_O3_touch.newgt,65,126,37,163
icc_coreutils_32_O3_tr.newgt,65,104,28,132
icc_coreutils_32_O3_true.newgt,65,81,27,108
icc_coreutils_32_O3_truncate.newgt,65,115,34,149
icc_coreutils_32_O3_tsort.newgt,65,100,28,128
icc_coreutils_32_O3_tty.newgt,65,89,28,117
icc_coreutils_32_O3_uname.newgt,65,89,28,117
icc_coreutils_32_O3_unexpand.newgt,65,94,28,122
icc_coreutils_32_O3_uniq.newgt,65,112,27,139
icc_coreutils_32_O3_unlink.newgt,65,90,28,118
icc_coreutils_32_O3_uptime.newgt,65,100,28,128
icc_coreutils_32_O3_users.newgt,65,94,28,122
icc_coreutils_32_O3_vdir.newgt,67,235,39,274
icc_coreutils_32_O3_wc.newgt,65,109,28,137
icc_coreutils_32_O3_who.newgt,65,119,29,148
icc_coreutils_32_O3_whoami.newgt,65,90,28,118
icc_coreutils_32_O3_yes.newgt,65,90,28,118
icc_coreutils_64_O0_[.newgt,22,128,2,130
icc_coreutils_64_O0_base64.newgt,1,122,1,123
icc_coreutils_64_O0_basename.newgt,1,106,2,108
icc_coreutils_64_O0_cat.newgt,1,142,1,143
icc_coreutils_64_O0_chcon.newgt,4,223,3,226
icc_coreutils_64_O0_chgrp.newgt,4,214,2,216
icc_coreutils_64_O0_chmod.newgt,5,211,3,214
icc_coreutils_64_O0_chown.newgt,4,216,2,218
icc_coreutils_64_O0_chroot.newgt,1,108,3,111
icc_coreutils_64_O0_cksum.newgt,2,107,3,110
icc_coreutils_64_O0_comm.newgt,2,121,1,122
icc_coreutils_64_O0_cp.newgt,6,355,1,356
icc_coreutils_64_O0_csplit.newgt,8,314,3,317
icc_coreutils_64_O0_cut.newgt,1,166,2,168
icc_coreutils_64_O0_date.newgt,1,148,1,149
icc_coreutils_64_O0_dd.newgt,3,166,1,167
icc_coreutils_64_O0_df.newgt,5,281,2,283
icc_coreutils_64_O0_dir.newgt,9,352,1,353
icc_coreutils_64_O0_dircolors.newgt,1,110,1,111
icc_coreutils_64_O0_dirname.newgt,1,102,2,104
icc_coreutils_64_O0_du.newgt,4,322,1,323
icc_coreutils_64_O0_echo.newgt,7,93,1,94
icc_coreutils_64_O0_env.newgt,1,102,2,104
icc_coreutils_64_O0_expand.newgt,1,110,2,112
icc_coreutils_64_O0_expr.newgt,8,287,1,288
icc_coreutils_64_O0_factor.newgt,3,189,2,191
icc_coreutils_64_O0_false.newgt,1,89,3,92
icc_coreutils_64_O0_fmt.newgt,1,124,2,126
icc_coreutils_64_O0_fold.newgt,1,109,2,111
icc_coreutils_64_O0_getlimits.newgt,2,130,1,131
icc_coreutils_64_O0_ginstall.newgt,7,363,1,364
icc_coreutils_64_O0_groups.newgt,1,108,2,110
icc_coreutils_64_O0_head.newgt,1,126,1,127
icc_coreutils_64_O0_hostid.newgt,2,101,2,103
icc_coreutils_64_O0_id.newgt,1,112,2,114
icc_coreutils_64_O0_join.newgt,2,144,2,146
icc_coreutils_64_O0_kill.newgt,1,109,1,110
icc_coreutils_64_O0_link.newgt,2,101,2,103
icc_coreutils_64_O0_ln.newgt,2,197,2,199
icc_coreutils_64_O0_logname.newgt,2,101,2,103
icc_coreutils_64_O0_ls.newgt,9,352,1,353
icc_coreutils_64_O0_make-prime-list.newgt,0,13,2,15
icc_coreutils_64_O0_md5sum.newgt,2,126,2,128
icc_coreutils_64_O0_mkdir.newgt,5,148,1,149
icc_coreutils_64_O0_mkfifo.newgt,1,106,3,109
icc_coreutils_64_O0_mknod.newgt,1,111,2,113
icc_coreutils_64_O0_mktemp.newgt,2,138,1,139
icc_coreutils_64_O0_mv.newgt,11,392,2,394
icc_coreutils_64_O0_nice.newgt,1,107,1,108
icc_coreutils_64_O0_nl.newgt,7,282,2,284
icc_coreutils_64_O0_nohup.newgt,3,110,2,112
icc_coreutils_64_O0_nproc.newgt,1,104,3,107
icc_coreutils_64_O0_numfmt.newgt,25,169,1,170
icc_coreutils_64_O0_od.newgt,5,170,2,172
icc_coreutils_64_O0_paste.newgt,1,109,2,111
icc_coreutils_64_O0_pathchk.newgt,1,106,2,108
icc_coreutils_64_O0_pinky.newgt,1,122,2,124
icc_coreutils_64_O0_pr.newgt,2,170,2,172
icc_coreutils_64_O0_printenv.newgt,1,101,2,103
icc_coreutils_64_O0_printf.newgt,4,135,1,136
icc_coreutils_64_O0_ptx.newgt,7,324,2,326
icc_coreutils_64_O0_pwd.newgt,1,117,1,118
icc_coreutils_64_O0_readlink.newgt,1,163,2,165
icc_coreutils_64_O0_realpath.newgt,1,197,1,198
icc_coreutils_64_O0_rm.newgt,8,231,1,232
icc_coreutils_64_O0_rmdir.newgt,4,129,2,131
icc_coreutils_64_O0_runcon.newgt,1,104,3,107
icc_coreutils_64_O0_seq.newgt,3,135,1,136
icc_coreutils_64_O0_setuidgid.newgt,2,109,2,111
icc_coreutils_64_O0_sha1sum.newgt,2,127,1,128
icc_coreutils_64_O0_sha224sum.newgt,2,133,1,134
icc_coreutils_64_O0_sha256sum.newgt,2,132,2,134
icc_coreutils_64_O0_sha384sum.newgt,2,133,1,134
icc_coreutils_64_O0_sha512sum.newgt,2,133,1,134
icc_coreutils_64_O0_shred.newgt,3,162,2,164
icc_coreutils_64_O0_shuf.newgt,2,195,1,196
icc_coreutils_64_O0_sleep.newgt,2,109,1,110
icc_coreutils_64_O0_sort.newgt,4,321,2,323
icc_coreutils_64_O0_split.newgt,3,170,2,172
icc_coreutils_64_O0_stat.newgt,5,197,2,199
icc_coreutils_64_O0_stdbuf.newgt,3,167,2,169
icc_coreutils_64_O0_stty.newgt,9,151,2,153
icc_coreutils_64_O0_sum.newgt,1,122,3,125
icc_coreutils_64_O0_sync.newgt,2,101,2,103
icc_coreutils_64_O0_tac.newgt,8,279,1,280
icc_coreutils_64_O0_tail.newgt,3,216,2,218
icc_coreutils_64_O0_tee.newgt,2,109,2,111
icc_coreutils_64_O0_test.newgt,22,128,2,130
icc_coreutils_64_O0_timeout.newgt,1,145,1,146
icc_coreutils_64_O0_touch.newgt,3,172,2,174
icc_coreutils_64_O0_tr.newgt,1,144,2,146
icc_coreutils_64_O0_true.newgt,1,89,3,92
icc_coreutils_64_O0_truncate.newgt,1,138,1,139
icc_coreutils_64_O0_tsort.newgt,2,120,1,121
icc_coreutils_64_O0_tty.newgt,1,100,3,103
icc_coreutils_64_O0_uname.newgt,1,102,2,104
icc_coreutils_64_O0_unexpand.newgt,1,111,1,112
icc_coreutils_64_O0_uniq.newgt,1,133,2,135
icc_coreutils_64_O0_unlink.newgt,2,100,3,103
icc_coreutils_64_O0_uptime.newgt,2,114,2,116
icc_coreutils_64_O0_users.newgt,2,106,3,109
icc_coreutils_64_O0_vdir.newgt,9,352,1,353
icc_coreutils_64_O0_wc.newgt,1,130,1,131
icc_coreutils_64_O0_who.newgt,3,147,2,149
icc_coreutils_64_O0_whoami.newgt,2,100,3,103
icc_coreutils_64_O0_yes.newgt,2,102,2,104
icc_coreutils_64_O1_[.newgt,3,101,19,120
icc_coreutils_64_O1_base64.newgt,3,101,18,119
icc_coreutils_64_O1_basename.newgt,3,94,17,111
icc_coreutils_64_O1_cat.newgt,3,117,17,134
icc_coreutils_64_O1_chcon.newgt,6,186,19,205
icc_coreutils_64_O1_chgrp.newgt,6,177,17,194
icc_coreutils_64_O1_chmod.newgt,6,175,16,191
icc_coreutils_64_O1_chown.newgt,6,179,17,196
icc_coreutils_64_O1_chroot.newgt,3,96,18,114
icc_coreutils_64_O1_cksum.newgt,4,94,18,112
icc_coreutils_64_O1_comm.newgt,4,109,17,126
icc_coreutils_64_O1_cp.newgt,7,273,26,299
icc_coreutils_64_O1_csplit.newgt,4,237,19,256
icc_coreutils_64_O1_cut.newgt,3,135,18,153
icc_coreutils_64_O1_date.newgt,3,118,16,134
icc_coreutils_64_O1_dd.newgt,5,137,14,151
icc_coreutils_64_O1_df.newgt,6,222,17,239
icc_coreutils_64_O1_dir.newgt,5,273,17,290
icc_coreutils_64_O1_dircolors.newgt,3,96,17,113
icc_coreutils_64_O1_dirname.newgt,3,91,18,109
icc_coreutils_64_O1_du.newgt,6,256,16,272
icc_coreutils_64_O1_echo.newgt,3,83,17,100
icc_coreutils_64_O1_env.newgt,3,89,18,107
icc_coreutils_64_O1_expand.newgt,3,95,18,113
icc_coreutils_64_O1_expr.newgt,4,227,17,244
icc_coreutils_64_O1_factor.newgt,4,158,19,177
icc_coreutils_64_O1_false.newgt,3,80,19,99
icc_coreutils_64_O1_fmt.newgt,3,107,18,125
icc_coreutils_64_O1_fold.newgt,3,97,17,114
icc_coreutils_64_O1_getlimits.newgt,4,112,17,129
icc_coreutils_64_O1_ginstall.newgt,8,280,24,304
icc_coreutils_64_O1_groups.newgt,3,96,18,114
icc_coreutils_64_O1_head.newgt,3,105,17,122
icc_coreutils_64_O1_hostid.newgt,4,90,18,108
icc_coreutils_64_O1_id.newgt,3,98,18,116
icc_coreutils_64_O1_join.newgt,4,126,17,143
icc_coreutils_64_O1_kill.newgt,3,94,17,111
icc_coreutils_64_O1_link.newgt,4,91,17,108
icc_coreutils_64_O1_ln.newgt,4,167,17,184
icc_coreutils_64_O1_logname.newgt,4,89,19,108
icc_coreutils_64_O1_ls.newgt,5,273,17,290
icc_coreutils_64_O1_make-prime-list.newgt,2,18,2,20
icc_coreutils_64_O1_md5sum.newgt,4,104,19,123
icc_coreutils_64_O1_mkdir.newgt,6,127,18,145
icc_coreutils_64_O1_mkfifo.newgt,3,94,18,112
icc_coreutils_64_O1_mknod.newgt,3,97,19,116
icc_coreutils_64_O1_mktemp.newgt,4,114,19,133
icc_coreutils_64_O1_mv.newgt,8,299,25,324
icc_coreutils_64_O1_nice.newgt,3,91,19,110
icc_coreutils_64_O1_nl.newgt,3,220,17,237
icc_coreutils_64_O1_nohup.newgt,5,97,18,115
icc_coreutils_64_O1_nproc.newgt,3,93,19,112
icc_coreutils_64_O1_numfmt.newgt,4,137,15,152
icc_coreutils_64_O1_od.newgt,5,144,17,161
icc_coreutils_64_O1_paste.newgt,3,92,18,110
icc_coreutils_64_O1_pathchk.newgt,3,94,16,110
icc_coreutils_64_O1_pinky.newgt,3,100,19,119
icc_coreutils_64_O1_pr.newgt,4,138,17,155
icc_coreutils_64_O1_printenv.newgt,3,89,18,107
icc_coreutils_64_O1_printf.newgt,5,112,18,130
icc_coreutils_64_O1_ptx.newgt,3,253,19,272
icc_coreutils_64_O1_pwd.newgt,3,101,17,118
icc_coreutils_64_O1_readlink.newgt,3,140,18,158
icc_coreutils_64_O1_realpath.newgt,3,166,17,183
icc_coreutils_64_O1_rm.newgt,6,187,17,204
icc_coreutils_64_O1_rmdir.newgt,4,108,18,126
icc_coreutils_64_O1_runcon.newgt,3,89,22,111
icc_coreutils_64_O1_seq.newgt,4,112,17,129
icc_coreutils_64_O1_setuidgid.newgt,4,97,18,115
icc_coreutils_64_O1_sha1sum.newgt,4,104,19,123
icc_coreutils_64_O1_sha224sum.newgt,4,109,20,129
icc_coreutils_64_O1_sha256sum.newgt,4,109,20,129
icc_coreutils_64_O1_sha384sum.newgt,4,109,20,129
icc_coreutils_64_O1_sha512sum.newgt,4,109,20,129
icc_coreutils_64_O1_shred.newgt,5,137,17,154
icc_coreutils_64_O1_shuf.newgt,4,155,19,174
icc_coreutils_64_O1_sleep.newgt,4,95,18,113
icc_coreutils_64_O1_sort.newgt,4,249,17,266
icc_coreutils_64_O1_split.newgt,5,134,18,152
icc_coreutils_64_O1_stat.newgt,6,152,21,173
icc_coreutils_64_O1_stdbuf.newgt,4,136,19,155
icc_coreutils_64_O1_stty.newgt,5,126,18,144
icc_coreutils_64_O1_sum.newgt,3,109,16,125
icc_coreutils_64_O1_sync.newgt,4,90,18,108
icc_coreutils_64_O1_tac.newgt,4,213,18,231
icc_coreutils_64_O1_tail.newgt,5,164,15,179
icc_coreutils_64_O1_tee.newgt,4,94,18,112
icc_coreutils_64_O1_test.newgt,2,97,18,115
icc_coreutils_64_O1_timeout.newgt,3,119,18,137
icc_coreutils_64_O1_touch.newgt,5,142,16,158
icc_coreutils_64_O1_tr.newgt,3,113,17,130
icc_coreutils_64_O1_true.newgt,3,81,18,99
icc_coreutils_64_O1_truncate.newgt,3,115,17,132
icc_coreutils_64_O1_tsort.newgt,4,105,17,122
icc_coreutils_64_O1_tty.newgt,3,88,19,107
icc_coreutils_64_O1_uname.newgt,3,90,18,108
icc_coreutils_64_O1_unexpand.newgt,3,95,17,112
icc_coreutils_64_O1_uniq.newgt,3,124,13,137
icc_coreutils_64_O1_unlink.newgt,4,90,18,108
icc_coreutils_64_O1_uptime.newgt,4,99,18,117
icc_coreutils_64_O1_users.newgt,4,93,19,112
icc_coreutils_64_O1_vdir.newgt,5,273,17,290
icc_coreutils_64_O1_wc.newgt,3,113,17,130
icc_coreutils_64_O1_who.newgt,4,114,20,134
icc_coreutils_64_O1_whoami.newgt,4,89,19,108
icc_coreutils_64_O1_yes.newgt,4,90,18,108
icc_coreutils_64_O2_[.newgt,377,89,18,107
icc_coreutils_64_O2_base64.newgt,606,99,22,121
icc_coreutils_64_O2_basename.newgt,377,90,18,108
icc_coreutils_64_O2_cat.newgt,606,114,25,139
icc_coreutils_64_O2_chcon.newgt,610,158,24,182
icc_coreutils_64_O2_chgrp.newgt,609,151,23,174
icc_coreutils_64_O2_chmod.newgt,609,149,22,171
icc_coreutils_64_O2_chown.newgt,609,152,23,175
icc_coreutils_64_O2_chroot.newgt,378,91,18,109
icc_coreutils_64_O2_cksum.newgt,378,93,18,111
icc_coreutils_64_O2_comm.newgt,378,104,16,120
icc_coreutils_64_O2_cp.newgt,611,251,30,281
icc_coreutils_64_O2_csplit.newgt,607,168,23,191
icc_coreutils_64_O2_cut.newgt,378,124,18,142
icc_coreutils_64_O2_date.newgt,377,106,18,124
icc_coreutils_64_O2_dd.newgt,608,118,23,141
icc_coreutils_64_O2_df.newgt,610,195,27,222
icc_coreutils_64_O2_dir.newgt,608,228,27,255
icc_coreutils_64_O2_dircolors.newgt,377,92,18,110
icc_coreutils_64_O2_dirname.newgt,377,88,19,107
icc_coreutils_64_O2_du.newgt,609,213,25,238
icc_coreutils_64_O2_echo.newgt,377,79,18,97
icc_coreutils_64_O2_env.newgt,377,87,18,105
icc_coreutils_64_O2_expand.newgt,378,91,18,109
icc_coreutils_64_O2_expr.newgt,608,162,23,185
icc_coreutils_64_O2_factor.newgt,607,144,25,169
icc_coreutils_64_O2_false.newgt,377,79,18,97
icc_coreutils_64_O2_fmt.newgt,377,94,18,112
icc_coreutils_64_O2_fold.newgt,606,93,22,115
icc_coreutils_64_O2_getlimits.newgt,607,110,25,135
icc_coreutils_64_O2_ginstall.newgt,612,253,28,281
icc_coreutils_64_O2_groups.newgt,377,92,18,110
icc_coreutils_64_O2_head.newgt,377,94,18,112
icc_coreutils_64_O2_hostid.newgt,378,88,18,106
icc_coreutils_64_O2_id.newgt,377,92,18,110
icc_coreutils_64_O2_join.newgt,379,113,16,129
icc_coreutils_64_O2_kill.newgt,377,90,18,108
icc_coreutils_64_O2_link.newgt,378,88,18,106
icc_coreutils_64_O2_ln.newgt,608,152,25,177
icc_coreutils_64_O2_logname.newgt,378,88,18,106
icc_coreutils_64_O2_ls.newgt,608,228,27,255
icc_coreutils_64_O2_make-prime-list.newgt,124,20,4,24
icc_coreutils_64_O2_md5sum.newgt,378,99,18,117
icc_coreutils_64_O2_mkdir.newgt,380,122,18,140
icc_coreutils_64_O2_mkfifo.newgt,377,90,18,108
icc_coreutils_64_O2_mknod.newgt,377,91,18,109
icc_coreutils_64_O2_mktemp.newgt,379,111,19,130
icc_coreutils_64_O2_mv.newgt,612,260,28,288
icc_coreutils_64_O2_nice.newgt,377,88,18,106
icc_coreutils_64_O2_nl.newgt,606,162,22,184
icc_coreutils_64_O2_nohup.newgt,379,95,18,113
icc_coreutils_64_O2_nproc.newgt,377,89,18,107
icc_coreutils_64_O2_numfmt.newgt,379,116,19,135
icc_coreutils_64_O2_od.newgt,379,132,18,150
icc_coreutils_64_O2_paste.newgt,377,89,18,107
icc_coreutils_64_O2_pathchk.newgt,378,89,17,106
icc_coreutils_64_O2_pinky.newgt,377,99,18,117
icc_coreutils_64_O2_pr.newgt,378,116,17,133
icc_coreutils_64_O2_printenv.newgt,377,87,18,105
icc_coreutils_64_O2_printf.newgt,379,109,18,127
icc_coreutils_64_O2_ptx.newgt,606,191,24,215
icc_coreutils_64_O2_pwd.newgt,606,91,23,114
icc_coreutils_64_O2_readlink.newgt,607,128,24,152
icc_coreutils_64_O2_realpath.newgt,607,150,25,175
icc_coreutils_64_O2_rm.newgt,609,157,23,180
icc_coreutils_64_O2_rmdir.newgt,378,104,18,122
icc_coreutils_64_O2_runcon.newgt,377,90,18,108
icc_coreutils_64_O2_seq.newgt,380,107,18,125
icc_coreutils_64_O2_setuidgid.newgt,378,91,18,109
icc_coreutils_64_O2_sha1sum.newgt,378,99,18,117
icc_coreutils_64_O2_sha224sum.newgt,378,104,18,122
icc_coreutils_64_O2_sha256sum.newgt,378,104,18,122
icc_coreutils_64_O2_sha384sum.newgt,378,104,18,122
icc_coreutils_64_O2_sha512sum.newgt,378,104,18,122
icc_coreutils_64_O2_shred.newgt,608,122,24,146
icc_coreutils_64_O2_shuf.newgt,378,139,18,157
icc_coreutils_64_O2_sleep.newgt,378,93,18,111
icc_coreutils_64_O2_sort.newgt,607,203,24,227
icc_coreutils_64_O2_split.newgt,609,129,25,154
icc_coreutils_64_O2_stat.newgt,610,139,24,163
icc_coreutils_64_O2_stdbuf.newgt,608,134,25,159
icc_coreutils_64_O2_stty.newgt,379,110,18,128
icc_coreutils_64_O2_sum.newgt,606,101,24,125
icc_coreutils_64_O2_sync.newgt,378,88,18,106
icc_coreutils_64_O2_tac.newgt,607,157,24,181
icc_coreutils_64_O2_tail.newgt,379,139,18,157
icc_coreutils_64_O2_tee.newgt,378,92,18,110
icc_coreutils_64_O2_test.newgt,376,84,18,102
icc_coreutils_64_O2_timeout.newgt,606,115,25,140
icc_coreutils_64_O2_touch.newgt,609,123,25,148
icc_coreutils_64_O2_tr.newgt,377,100,18,118
icc_coreutils_64_O2_true.newgt,377,79,18,97
icc_coreutils_64_O2_truncate.newgt,606,109,25,134
icc_coreutils_64_O2_tsort.newgt,378,98,18,116
icc_coreutils_64_O2_tty.newgt,377,87,18,105
icc_coreutils_64_O2_uname.newgt,377,87,18,105
icc_coreutils_64_O2_unexpand.newgt,378,91,18,109
icc_coreutils_64_O2_uniq.newgt,377,110,17,127
icc_coreutils_64_O2_unlink.newgt,378,88,18,106
icc_coreutils_64_O2_uptime.newgt,378,96,18,114
icc_coreutils_64_O2_users.newgt,378,92,18,110
icc_coreutils_64_O2_vdir.newgt,608,228,27,255
icc_coreutils_64_O2_wc.newgt,377,105,18,123
icc_coreutils_64_O2_who.newgt,378,115,18,133
icc_coreutils_64_O2_whoami.newgt,378,88,18,106
icc_coreutils_64_O2_yes.newgt,378,88,18,106
icc_coreutils_64_O3_[.newgt,377,89,18,107
icc_coreutils_64_O3_base64.newgt,606,99,22,121
icc_coreutils_64_O3_basename.newgt,377,90,18,108
icc_coreutils_64_O3_cat.newgt,606,114,25,139
icc_coreutils_64_O3_chcon.newgt,610,158,24,182
icc_coreutils_64_O3_chgrp.newgt,609,151,23,174
icc_coreutils_64_O3_chmod.newgt,609,149,22,171
icc_coreutils_64_O3_chown.newgt,609,152,23,175
icc_coreutils_64_O3_chroot.newgt,378,91,18,109
icc_coreutils_64_O3_cksum.newgt,378,93,18,111
icc_coreutils_64_O3_comm.newgt,378,104,16,120
icc_coreutils_64_O3_cp.newgt,611,251,30,281
icc_coreutils_64_O3_csplit.newgt,607,168,23,191
icc_coreutils_64_O3_cut.newgt,378,124,18,142
icc_coreutils_64_O3_date.newgt,377,106,18,124
icc_coreutils_64_O3_dd.newgt,608,118,23,141
icc_coreutils_64_O3_df.newgt,610,195,27,222
icc_coreutils_64_O3_dir.newgt,608,228,27,255
icc_coreutils_64_O3_dircolors.newgt,377,92,18,110
icc_coreutils_64_O3_dirname.newgt,377,88,19,107
icc_coreutils_64_O3_du.newgt,609,213,25,238
icc_coreutils_64_O3_echo.newgt,377,79,18,97
icc_coreutils_64_O3_env.newgt,377,87,18,105
icc_coreutils_64_O3_expand.newgt,378,91,18,109
icc_coreutils_64_O3_expr.newgt,608,162,23,185
icc_coreutils_64_O3_factor.newgt,607,144,25,169
icc_coreutils_64_O3_false.newgt,377,79,18,97
icc_coreutils_64_O3_fmt.newgt,377,94,18,112
icc_coreutils_64_O3_fold.newgt,606,93,22,115
icc_coreutils_64_O3_getlimits.newgt,607,110,25,135
icc_coreutils_64_O3_ginstall.newgt,612,253,28,281
icc_coreutils_64_O3_groups.newgt,377,92,18,110
icc_coreutils_64_O3_head.newgt,377,94,18,112
icc_coreutils_64_O3_hostid.newgt,378,88,18,106
icc_coreutils_64_O3_id.newgt,377,92,18,110
icc_coreutils_64_O3_join.newgt,379,113,16,129
icc_coreutils_64_O3_kill.newgt,377,90,18,108
icc_coreutils_64_O3_link.newgt,378,88,18,106
icc_coreutils_64_O3_ln.newgt,608,152,25,177
icc_coreutils_64_O3_logname.newgt,378,88,18,106
icc_coreutils_64_O3_ls.newgt,608,228,27,255
icc_coreutils_64_O3_make-prime-list.newgt,124,20,4,24
icc_coreutils_64_O3_md5sum.newgt,378,99,18,117
icc_coreutils_64_O3_mkdir.newgt,380,122,18,140
icc_coreutils_64_O3_mkfifo.newgt,377,90,18,108
icc_coreutils_64_O3_mknod.newgt,377,91,18,109
icc_coreutils_64_O3_mktemp.newgt,379,111,19,130
icc_coreutils_64_O3_mv.newgt,612,260,28,288
icc_coreutils_64_O3_nice.newgt,377,88,18,106
icc_coreutils_64_O3_nl.newgt,606,162,22,184
icc_coreutils_64_O3_nohup.newgt,379,95,18,113
icc_coreutils_64_O3_nproc.newgt,377,89,18,107
icc_coreutils_64_O3_numfmt.newgt,379,116,19,135
icc_coreutils_64_O3_od.newgt,379,132,18,150
icc_coreutils_64_O3_paste.newgt,377,89,18,107
icc_coreutils_64_O3_pathchk.newgt,378,89,17,106
icc_coreutils_64_O3_pinky.newgt,377,99,18,117
icc_coreutils_64_O3_pr.newgt,378,116,17,133
icc_coreutils_64_O3_printenv.newgt,377,87,18,105
icc_coreutils_64_O3_printf.newgt,379,109,18,127
icc_coreutils_64_O3_ptx.newgt,606,191,24,215
icc_coreutils_64_O3_pwd.newgt,606,91,23,114
icc_coreutils_64_O3_readlink.newgt,607,128,24,152
icc_coreutils_64_O3_realpath.newgt,607,150,25,175
icc_coreutils_64_O3_rm.newgt,609,157,23,180
icc_coreutils_64_O3_rmdir.newgt,378,104,18,122
icc_coreutils_64_O3_runcon.newgt,377,90,18,108
icc_coreutils_64_O3_seq.newgt,380,107,18,125
icc_coreutils_64_O3_setuidgid.newgt,378,91,18,109
icc_coreutils_64_O3_sha1sum.newgt,378,99,18,117
icc_coreutils_64_O3_sha224sum.newgt,378,104,18,122
icc_coreutils_64_O3_sha256sum.newgt,378,104,18,122
icc_coreutils_64_O3_sha384sum.newgt,378,104,18,122
icc_coreutils_64_O3_sha512sum.newgt,378,104,18,122
icc_coreutils_64_O3_shred.newgt,608,122,24,146
icc_coreutils_64_O3_shuf.newgt,378,139,18,157
icc_coreutils_64_O3_sleep.newgt,378,93,18,111
icc_coreutils_64_O3_sort.newgt,607,203,24,227
icc_coreutils_64_O3_split.newgt,609,129,25,154
icc_coreutils_64_O3_stat.newgt,610,139,24,163
icc_coreutils_64_O3_stdbuf.newgt,608,134,25,159
icc_coreutils_64_O3_stty.newgt,379,110,18,128
icc_coreutils_64_O3_sum.newgt,606,101,24,125
icc_coreutils_64_O3_sync.newgt,378,88,18,106
icc_coreutils_64_O3_tac.newgt,607,157,24,181
icc_coreutils_64_O3_tail.newgt,379,139,18,157
icc_coreutils_64_O3_tee.newgt,378,92,18,110
icc_coreutils_64_O3_test.newgt,376,84,18,102
icc_coreutils_64_O3_timeout.newgt,606,115,25,140
icc_coreutils_64_O3_touch.newgt,609,123,25,148
icc_coreutils_64_O3_tr.newgt,377,100,18,118
icc_coreutils_64_O3_true.newgt,377,79,18,97
icc_coreutils_64_O3_truncate.newgt,606,109,25,134
icc_coreutils_64_O3_tsort.newgt,378,98,18,116
icc_coreutils_64_O3_tty.newgt,377,87,18,105
icc_coreutils_64_O3_uname.newgt,377,87,18,105
icc_coreutils_64_O3_unexpand.newgt,378,91,18,109
icc_coreutils_64_O3_uniq.newgt,377,110,17,127
icc_coreutils_64_O3_unlink.newgt,378,88,18,106
icc_coreutils_64_O3_uptime.newgt,378,96,18,114
icc_coreutils_64_O3_users.newgt,378,92,18,110
icc_coreutils_64_O3_vdir.newgt,608,228,27,255
icc_coreutils_64_O3_wc.newgt,377,105,18,123
icc_coreutils_64_O3_who.newgt,378,115,18,133
icc_coreutils_64_O3_whoami.newgt,378,88,18,106
icc_coreutils_64_O3_yes.newgt,378,88,18,106
icc_findutils_32_O0_bigram.newgt,0,44,1,45
icc_findutils_32_O0_code.newgt,0,53,2,55
icc_findutils_32_O0_find.newgt,27,524,8,532
icc_findutils_32_O0_frcode.newgt,0,51,1,52
icc_findutils_32_O0_locate.newgt,2,148,1,149
icc_findutils_32_O0_oldfind.newgt,24,514,8,522
icc_findutils_32_O0_xargs.newgt,10,87,1,88
icc_findutils_32_O1_bigram.newgt,0,46,9,55
icc_findutils_32_O1_code.newgt,0,53,10,63
icc_findutils_32_O1_find.newgt,0,438,52,490
icc_findutils_32_O1_frcode.newgt,0,51,9,60
icc_findutils_32_O1_locate.newgt,0,121,16,137
icc_findutils_32_O1_oldfind.newgt,0,437,54,491
icc_findutils_32_O1_xargs.newgt,0,81,11,92
icc_findutils_32_O2_bigram.newgt,65,51,22,73
icc_findutils_32_O2_code.newgt,65,56,22,78
icc_findutils_32_O2_find.newgt,65,380,43,423
icc_findutils_32_O2_frcode.newgt,65,54,22,76
icc_findutils_32_O2_locate.newgt,65,120,27,147
icc_findutils_32_O2_oldfind.newgt,65,385,46,431
icc_findutils_32_O2_xargs.newgt,65,81,23,104
icc_findutils_32_O3_bigram.newgt,65,51,22,73
icc_findutils_32_O3_code.newgt,65,56,22,78
icc_findutils_32_O3_find.newgt,65,380,43,423
icc_findutils_32_O3_frcode.newgt,65,54,22,76
icc_findutils_32_O3_locate.newgt,65,120,27,147
icc_findutils_32_O3_oldfind.newgt,65,385,46,431
icc_findutils_32_O3_xargs.newgt,65,81,23,104
icc_findutils_64_O0_bigram.newgt,0,44,1,45
icc_findutils_64_O0_code.newgt,1,53,2,55
icc_findutils_64_O0_find.newgt,36,680,8,688
icc_findutils_64_O0_frcode.newgt,1,51,1,52
icc_findutils_64_O0_locate.newgt,9,306,1,307
icc_findutils_64_O0_oldfind.newgt,33,670,8,678
icc_findutils_64_O0_xargs.newgt,11,87,1,88
icc_findutils_64_O1_bigram.newgt,2,43,4,47
icc_findutils_64_O1_code.newgt,3,51,4,55
icc_findutils_64_O1_find.newgt,5,515,33,548
icc_findutils_64_O1_frcode.newgt,3,48,4,52
icc_findutils_64_O1_locate.newgt,3,223,3,226
icc_findutils_64_O1_oldfind.newgt,5,515,33,548
icc_findutils_64_O1_xargs.newgt,3,79,3,82
icc_findutils_64_O2_bigram.newgt,376,51,12,63
icc_findutils_64_O2_code.newgt,377,56,12,68
icc_findutils_64_O2_find.newgt,610,441,20,461
icc_findutils_64_O2_frcode.newgt,377,54,12,66
icc_findutils_64_O2_locate.newgt,607,181,17,198
icc_findutils_64_O2_oldfind.newgt,610,447,21,468
icc_findutils_64_O2_xargs.newgt,377,80,13,93
icc_findutils_64_O3_bigram.newgt,376,51,12,63
icc_findutils_64_O3_code.newgt,377,56,12,68
icc_findutils_64_O3_find.newgt,610,441,20,461
icc_findutils_64_O3_frcode.newgt,377,54,12,66
icc_findutils_64_O3_locate.newgt,607,181,17,198
icc_findutils_64_O3_oldfind.newgt,610,447,21,468
icc_findutils_64_O3_xargs.newgt,377,80,13,93
imagevalidate_511_base.icc_x64_O0-m64.newgt,15,21,14,35
imagevalidate_511_base.icc_x64_O1-m64.newgt,25,22,22,44
imagevalidate_511_base.icc_x64_O2-m64.newgt,180,21,27,48
imagevalidate_511_base.icc_x64_O3-m64.newgt,180,21,27,48
imagevalidate_511_base.icc_x86_O0-m32.newgt,20,24,20,44
imagevalidate_511_base.icc_x86_O1-m32.newgt,26,24,37,61
imagevalidate_511_base.icc_x86_O2-m32.newgt,66,24,33,57
imagick_r_base.icc_x64_O0-m64.newgt,257,2963,214,3177
imagick_r_base.icc_x64_O1-m64.newgt,272,2255,312,2567
imagick_r_base.icc_x64_O2-m64.newgt,987,2120,322,2442
imagick_r_base.icc_x64_O3-m64.newgt,987,2119,323,2442
imagick_r_base.icc_x86_O0-m32.newgt,230,2980,234,3214
imagick_r_base.icc_x86_O1-m32.newgt,240,2392,645,3037
imagick_r_base.icc_x86_O2-m32.newgt,742,2157,330,2487
imagick_r_base.icc_x86_O3-m32.newgt,754,2156,331,2487
lbm_base.x32_O0_icc.newgt,22,33,24,57
lbm_base.x32_O1_icc.newgt,26,34,33,67
lbm_base.x32_O2_icc.newgt,25,30,28,58
lbm_base.x32_O3_icc.newgt,25,30,28,58
lbm_base.x64_O0_icc.newgt,15,27,14,41
lbm_base.x64_O1_icc.newgt,26,31,25,56
lbm_base.x64_O2_icc.newgt,27,27,28,55
lbm_base.x64_O3_icc.newgt,27,27,28,55
lbm_r_base.icc_x64_O0-m64.newgt,15,28,14,42
lbm_r_base.icc_x64_O1-m64.newgt,25,29,22,51
lbm_r_base.icc_x64_O2-m64.newgt,26,25,10,35
lbm_r_base.icc_x64_O3-m64.newgt,26,25,10,35
lbm_r_base.icc_x86_O0-m32.newgt,20,31,20,51
lbm_r_base.icc_x86_O1-m32.newgt,26,31,30,61
lbm_r_base.icc_x86_O2-m32.newgt,11,27,10,37
lbm_r_base.icc_x86_O3-m32.newgt,11,27,10,37
ldecod_r_base.icc_x64_O0-m64.newgt,32,981,27,1008
ldecod_r_base.icc_x64_O1-m64.newgt,46,742,37,779
ldecod_r_base.icc_x64_O2-m64.newgt,458,662,74,736
ldecod_r_base.icc_x64_O3-m64.newgt,458,662,74,736
ldecod_r_base.icc_x86_O0-m32.newgt,27,984,27,1011
ldecod_r_base.icc_x86_O1-m32.newgt,41,751,255,1006
ldecod_r_base.icc_x86_O2-m32.newgt,184,669,81,750
ldecod_r_base.icc_x86_O3-m32.newgt,170,669,81,750
leela_r_base.icc_x64_O0-m64.newgt,17,1726,1,1727
leela_r_base.icc_x64_O1-m64.newgt,91,503,48,551
leela_r_base.icc_x64_O2-m64.newgt,697,407,54,461
leela_r_base.icc_x64_O3-m64.newgt,697,407,54,461
leela_r_base.icc_x86_O0-m32.newgt,15,1723,2,1725
leela_r_base.icc_x86_O1-m32.newgt,93,564,148,712
leela_r_base.icc_x86_O2-m32.newgt,140,433,71,504
leela_r_base.icc_x86_O3-m32.newgt,140,433,71,504
leslie3d_base.x32_O0_icc.newgt,555,96,522,618
leslie3d_base.x32_O1_icc.newgt,449,95,421,516
leslie3d_base.x32_O2_icc.newgt,449,100,418,518
leslie3d_base.x32_O3_icc.newgt,449,100,418,518
leslie3d_base.x64_O0_icc.newgt,1143,67,480,547
leslie3d_base.x64_O1_icc.newgt,1084,67,430,497
leslie3d_base.x64_O2_icc.newgt,1084,72,430,502
leslie3d_base.x64_O3_icc.newgt,1084,72,430,502
libquantum_base.x32_O0_icc.newgt,61,130,61,191
libquantum_base.x32_O1_icc.newgt,69,107,103,210
libquantum_base.x32_O2_icc.newgt,20,109,24,133
libquantum_base.x32_O3_icc.newgt,20,109,24,133
libquantum_base.x64_O0_icc.newgt,62,127,46,173
libquantum_base.x64_O1_icc.newgt,70,103,57,160
libquantum_base.x64_O2_icc.newgt,64,106,50,156
libquantum_base.x64_O3_icc.newgt,64,105,51,156
mcf_base.x32_O0_icc.newgt,1,32,1,33
mcf_base.x32_O1_icc.newgt,9,37,17,54
mcf_base.x32_O2_icc.newgt,10,39,14,53
mcf_base.x32_O3_icc.newgt,10,39,14,53
mcf_base.x64_O0_icc.newgt,0,30,1,31
mcf_base.x64_O1_icc.newgt,11,34,12,46
mcf_base.x64_O2_icc.newgt,12,33,14,47
mcf_base.x64_O3_icc.newgt,12,33,14,47
mcf_r_base.icc_x64_O0-m64.newgt,0,46,1,47
mcf_r_base.icc_x64_O1-m64.newgt,10,47,9,56
mcf_r_base.icc_x64_O2-m64.newgt,27,45,11,56
mcf_r_base.icc_x64_O3-m64.newgt,27,45,11,56
mcf_r_base.icc_x86_O0-m32.newgt,1,50,1,51
mcf_r_base.icc_x86_O1-m32.newgt,13,51,25,76
mcf_r_base.icc_x86_O2-m32.newgt,16,50,17,67
mcf_r_base.icc_x86_O3-m32.newgt,16,50,17,67
milc_base.x32_O0_icc.newgt,33,248,33,281
milc_base.x32_O1_icc.newgt,40,246,109,355
milc_base.x32_O2_icc.newgt,105,248,52,300
milc_base.x32_O3_icc.newgt,105,248,52,300
milc_base.x64_O0_icc.newgt,33,246,30,276
milc_base.x64_O1_icc.newgt,45,241,40,281
milc_base.x64_O2_icc.newgt,460,244,61,305
milc_base.x64_O3_icc.newgt,459,244,61,305
nab_r_base.icc_x64_O0-m64.newgt,77,347,62,409
nab_r_base.icc_x64_O1-m64.newgt,85,273,75,348
nab_r_base.icc_x64_O2-m64.newgt,748,231,99,330
nab_r_base.icc_x64_O3-m64.newgt,748,231,99,330
nab_r_base.icc_x86_O0-m32.newgt,75,352,75,427
nab_r_base.icc_x86_O1-m32.newgt,81,278,125,403
nab_r_base.icc_x86_O2-m32.newgt,143,233,89,322
nab_r_base.icc_x86_O3-m32.newgt,139,234,88,322
namd_base.x32_O0_icc.newgt,58,165,61,226
namd_base.x32_O1_icc.newgt,65,122,83,205
namd_base.x32_O2_icc.newgt,80,118,55,173
namd_base.x32_O3_icc.newgt,80,118,55,173
namd_base.x64_O0_icc.newgt,55,163,47,210
namd_base.x64_O1_icc.newgt,65,118,52,170
namd_base.x64_O2_icc.newgt,348,115,74,189
namd_base.x64_O3_icc.newgt,348,115,74,189
namd_r_base.icc_x64_O0-m64.newgt,72,234,59,293
namd_r_base.icc_x64_O1-m64.newgt,83,173,66,239
namd_r_base.icc_x64_O2-m64.newgt,504,152,77,229
namd_r_base.icc_x64_O3-m64.newgt,504,151,78,229
namd_r_base.icc_x86_O0-m32.newgt,73,238,71,309
namd_r_base.icc_x86_O1-m32.newgt,81,178,94,272
namd_r_base.icc_x86_O2-m32.newgt,122,155,58,213
namd_r_base.icc_x86_O3-m32.newgt,122,155,58,213
omnetpp_base.x32_O0_icc.newgt,136,2973,135,3108
omnetpp_base.x32_O1_icc.newgt,600,1903,994,2897
omnetpp_base.x32_O2_icc.newgt,753,2175,310,2485
omnetpp_base.x32_O3_icc.newgt,753,2172,313,2485
omnetpp_base.x64_O0_icc.newgt,183,2954,132,3086
omnetpp_base.x64_O1_icc.newgt,657,1846,543,2389
omnetpp_base.x64_O2_icc.newgt,1347,2178,218,2396
omnetpp_base.x64_O3_icc.newgt,1346,2182,214,2396
omnetpp_r_base.icc_x64_O0-m64.newgt,272,12763,255,13018
omnetpp_r_base.icc_x64_O1-m64.newgt,1873,6212,1510,7722
omnetpp_r_base.icc_x64_O2-m64.newgt,2677,6688,592,7280
omnetpp_r_base.icc_x64_O3-m64.newgt,2683,6687,593,7280
omnetpp_r_base.icc_x86_O0-m32.newgt,220,12782,259,13041
omnetpp_r_base.icc_x86_O1-m32.newgt,1903,6435,2785,9220
omnetpp_r_base.icc_x86_O2-m32.newgt,2934,6816,865,7681
omnetpp_r_base.icc_x86_O3-m32.newgt,2937,6837,845,7682
parest_r_base.icc_x64_O0-m64.newgt,934,61450,412,61862
parest_r_base.icc_x64_O1-m64.newgt,6501,23075,2996,26071
parest_r_base.icc_x64_O2-m64.newgt,5837,20975,1388,22363
parest_r_base.icc_x64_O3-m64.newgt,5845,20974,1389,22363
parest_r_base.icc_x86_O0-m32.newgt,923,61399,430,61829
parest_r_base.icc_x86_O1-m32.newgt,6246,24569,2575,27144
parest_r_base.icc_x86_O2-m32.newgt,4893,21293,1177,22470
parest_r_base.icc_x86_O3-m32.newgt,4992,21271,1197,22468
perlbench_base.x32_O0_icc.newgt,114,1875,118,1993
perlbench_base.x32_O1_icc.newgt,119,1750,544,2294
perlbench_base.x32_O2_icc.newgt,432,1752,198,1950
perlbench_base.x32_O3_icc.newgt,431,1752,198,1950
perlbench_base.x64_O0_icc.newgt,144,1879,102,1981
perlbench_base.x64_O1_icc.newgt,152,1748,153,1901
perlbench_base.x64_O2_icc.newgt,810,1737,144,1881
perlbench_base.x64_O3_icc.newgt,809,1737,144,1881
perlbench_r_base.icc_x64_O0-m64.newgt,160,3030,115,3145
perlbench_r_base.icc_x64_O1-m64.newgt,171,2718,170,2888
perlbench_r_base.icc_x64_O2-m64.newgt,810,2523,165,2688
perlbench_r_base.icc_x64_O3-m64.newgt,811,2524,164,2688
perlbench_r_base.icc_x86_O0-m32.newgt,123,3037,127,3164
perlbench_r_base.icc_x86_O1-m32.newgt,135,2744,645,3389
perlbench_r_base.icc_x86_O2-m32.newgt,463,2543,303,2846
perlbench_r_base.icc_x86_O3-m32.newgt,444,2544,302,2846
povray_base.x32_O0_icc.newgt,196,2110,192,2302
povray_base.x32_O1_icc.newgt,246,1655,724,2379
povray_base.x32_O2_icc.newgt,469,1645,430,2075
povray_base.x32_O3_icc.newgt,469,1645,430,2075
povray_base.x64_O0_icc.newgt,255,2107,189,2296
povray_base.x64_O1_icc.newgt,303,1645,315,1960
povray_base.x64_O2_icc.newgt,994,1626,319,1945
povray_base.x64_O3_icc.newgt,990,1626,319,1945
povray_r_base.icc_x64_O0-m64.newgt,209,2111,156,2267
povray_r_base.icc_x64_O1-m64.newgt,276,1646,292,1938
povray_r_base.icc_x64_O2-m64.newgt,969,1634,269,1903
povray_r_base.icc_x64_O3-m64.newgt,969,1634,269,1903
povray_r_base.icc_x86_O0-m32.newgt,165,2118,162,2280
povray_r_base.icc_x86_O1-m32.newgt,233,1656,705,2361
povray_r_base.icc_x86_O2-m32.newgt,458,1655,398,2053
roms_r_base.icc_x64_O0-m64.newgt,1198,516,541,1057
roms_r_base.icc_x64_O1-m64.newgt,1201,514,545,1059
roms_r_base.icc_x64_O2-m64.newgt,1214,519,540,1059
roms_r_base.icc_x64_O3-m64.newgt,1213,519,540,1059
roms_r_base.icc_x86_O0-m32.newgt,601,550,582,1132
roms_r_base.icc_x86_O1-m32.newgt,546,545,591,1136
roms_r_base.icc_x86_O2-m32.newgt,572,552,529,1081
roms_r_base.icc_x86_O3-m32.newgt,572,552,529,1081
sgcc_base.icc_x64_O0-m64.newgt,87,26783,53,26836
sgcc_base.icc_x64_O1-m64.newgt,169,15294,205,15499
sgcc_base.icc_x64_O2-m64.newgt,801,12616,704,13320
sgcc_base.icc_x64_O3-m64.newgt,801,12616,704,13320
sjeng_base.x32_O0_icc.newgt,1,152,1,153
sjeng_base.x32_O1_icc.newgt,9,153,51,204
sjeng_base.x32_O2_icc.newgt,78,145,47,192
sjeng_base.x32_O3_icc.newgt,78,145,47,192
sjeng_base.x64_O0_icc.newgt,0,150,1,151
sjeng_base.x64_O1_icc.newgt,11,150,14,164
sjeng_base.x64_O2_icc.newgt,164,142,28,170
sjeng_base.x64_O3_icc.newgt,164,142,28,170
soplex_base.x32_O0_icc.newgt,33,1569,37,1606
soplex_base.x32_O1_icc.newgt,111,953,319,1272
soplex_base.x32_O2_icc.newgt,198,916,101,1017
soplex_base.x32_O3_icc.newgt,198,915,102,1017
soplex_base.x64_O0_icc.newgt,32,1567,34,1601
soplex_base.x64_O1_icc.newgt,113,910,128,1038
soplex_base.x64_O2_icc.newgt,509,912,91,1003
soplex_base.x64_O3_icc.newgt,510,908,95,1003
specrand_base.x32_O0_icc.newgt,1,11,1,12
specrand_base.x32_O1_icc.newgt,9,16,12,28
specrand_base.x32_O2_icc.newgt,9,16,12,28
specrand_base.x32_O3_icc.newgt,9,16,12,28
specrand_base.x64_O0_icc.newgt,0,9,1,10
specrand_base.x64_O1_icc.newgt,11,13,12,25
specrand_base.x64_O2_icc.newgt,11,13,12,25
specrand_base.x64_O3_icc.newgt,11,13,12,25
specrand_fr_base.icc_x64_O0-m64.newgt,0,19,1,20
specrand_fr_base.icc_x64_O1-m64.newgt,10,20,9,29
specrand_fr_base.icc_x64_O2-m64.newgt,26,20,10,30
specrand_fr_base.icc_x64_O3-m64.newgt,26,20,10,30
specrand_fr_base.icc_x86_O0-m32.newgt,1,21,1,22
specrand_fr_base.icc_x86_O1-m32.newgt,9,22,11,33
specrand_fr_base.icc_x86_O2-m32.newgt,11,22,10,32
specrand_fr_base.icc_x86_O3-m32.newgt,11,22,10,32
speed_bwaves_base.icc_x64_O0-m64.newgt,1043,43,379,422
speed_bwaves_base.icc_x64_O1-m64.newgt,1043,43,379,422
speed_bwaves_base.icc_x64_O2-m64.newgt,1046,43,382,425
speed_bwaves_base.icc_x64_O3-m64.newgt,1046,43,382,425
speed_pop2_base.icc_x64_O0-m64.newgt,1463,3985,585,4570
speed_pop2_base.icc_x64_O1-m64.newgt,1464,3680,728,4408
speed_pop2_base.icc_x64_O2-m64.newgt,1583,3704,711,4415
speed_pop2_base.icc_x64_O3-m64.newgt,1583,3704,711,4415
sphinx_livepretend_base.x32_O0_icc.newgt,80,382,80,462
sphinx_livepretend_base.x32_O1_icc.newgt,85,343,144,487
sphinx_livepretend_base.x32_O2_icc.newgt,147,325,93,418
sphinx_livepretend_base.x32_O3_icc.newgt,147,325,93,418
sphinx_livepretend_base.x64_O0_icc.newgt,94,381,64,445
sphinx_livepretend_base.x64_O1_icc.newgt,100,340,73,413
sphinx_livepretend_base.x64_O2_icc.newgt,534,320,121,441
sphinx_livepretend_base.x64_O3_icc.newgt,534,320,121,441
sroms_base.icc_x64_O0-m64.newgt,1225,516,541,1057
sroms_base.icc_x64_O1-m64.newgt,1228,514,545,1059
sroms_base.icc_x64_O2-m64.newgt,1242,519,540,1059
sroms_base.icc_x64_O3-m64.newgt,1241,519,540,1059
tonto_base.x32_O0_icc.newgt,707,4242,673,4915
tonto_base.x32_O1_icc.newgt,633,4140,2985,7125
tonto_base.x32_O2_icc.newgt,652,4253,1285,5538
tonto_base.x32_O3_icc.newgt,652,4253,1283,5536
tonto_base.x64_O0_icc.newgt,1293,4212,608,4820
tonto_base.x64_O1_icc.newgt,1296,4093,727,4820
tonto_base.x64_O2_icc.newgt,1328,4219,698,4917
tonto_base.x64_O3_icc.newgt,1327,4219,698,4917
wrf_base.x32_O0_icc.newgt,641,3234,600,3834
wrf_base.x32_O1_icc.newgt,567,2983,1101,4084
wrf_base.x32_O2_icc.newgt,900,2925,972,3897
wrf_base.x32_O3_icc.newgt,896,2925,967,3892
wrf_base.x64_O0_icc.newgt,1272,3205,571,3776
wrf_base.x64_O1_icc.newgt,1284,2927,703,3630
wrf_base.x64_O2_icc.newgt,1418,2862,846,3708
wrf_base.x64_O3_icc.newgt,1413,2862,841,3703
wrf_r_base.icc_x64_O0-m64.newgt,1461,7878,751,8629
wrf_r_base.icc_x64_O1-m64.newgt,1466,7695,808,8503
wrf_r_base.icc_x64_O2-m64.newgt,1695,7635,963,8598
wrf_r_base.icc_x64_O3-m64.newgt,1757,7635,975,8610
wrf_r_base.icc_x86_O0-m32.newgt,857,7913,834,8747
wrf_r_base.icc_x86_O1-m32.newgt,779,7731,2612,10343
wrf_r_base.icc_x86_O2-m32.newgt,1572,7736,1643,9379
wrf_r_base.icc_x86_O3-m32.newgt,1631,7736,1650,9386
x264_r_base.icc_x64_O0-m64.newgt,117,844,99,943
x264_r_base.icc_x64_O1-m64.newgt,125,602,141,743
x264_r_base.icc_x64_O2-m64.newgt,818,543,162,705
x264_r_base.icc_x64_O3-m64.newgt,818,543,162,705
x264_r_base.icc_x86_O0-m32.newgt,102,846,102,948
x264_r_base.icc_x86_O1-m32.newgt,112,656,169,825
x264_r_base.icc_x86_O2-m32.newgt,233,549,123,672
x264_r_base.icc_x86_O3-m32.newgt,220,551,121,672
Xalan_base.x32_O0_icc.newgt,358,31745,831,32576
Xalan_base.x32_O1_icc.newgt,2449,14554,6359,20913
Xalan_base.x32_O2_icc.newgt,2773,14391,2284,16675
Xalan_base.x32_O3_icc.newgt,2795,14391,2285,16676
Xalan_base.x64_O0_icc.newgt,384,31684,833,32517
Xalan_base.x64_O1_icc.newgt,2573,13762,3441,17203
Xalan_base.x64_O2_icc.newgt,3270,14057,1899,15956
Xalan_base.x64_O3_icc.newgt,3271,14065,1891,15956
xz_r_base.icc_x64_O0-m64.newgt,5,547,2,549
xz_r_base.icc_x64_O1-m64.newgt,18,401,37,438
xz_r_base.icc_x64_O2-m64.newgt,682,349,60,409
xz_r_base.icc_x64_O3-m64.newgt,682,349,60,409
xz_r_base.icc_x86_O0-m32.newgt,1,553,1,554
xz_r_base.icc_x86_O1-m32.newgt,13,430,60,490
xz_r_base.icc_x86_O2-m32.newgt,113,360,60,420
xz_r_base.icc_x86_O3-m32.newgt,113,360,60,420
zeusmp_base.x32_O0_icc.newgt,540,173,504,677
zeusmp_base.x32_O1_icc.newgt,507,173,475,648
zeusmp_base.x32_O2_icc.newgt,440,172,407,579
zeusmp_base.x32_O3_icc.newgt,440,172,407,579
zeusmp_base.x64_O0_icc.newgt,1130,145,462,607
zeusmp_base.x64_O1_icc.newgt,1121,144,454,598
zeusmp_base.x64_O2_icc.newgt,1061,143,399,542
zeusmp_base.x64_O3_icc.newgt,1061,143,399,542
