name,FP,TP,FN,Total
astar_base.x32_O0_icc.nucgt,54,171,54,225
astar_base.x32_O1_icc.nucgt,58,111,96,207
astar_base.x32_O2_icc.nucgt,98,100,46,146
astar_base.x32_O3_icc.nucgt,98,100,46,146
astar_base.x64_O0_icc.nucgt,54,169,42,211
astar_base.x64_O1_icc.nucgt,62,100,48,148
astar_base.x64_O2_icc.nucgt,455,98,55,153
astar_base.x64_O3_icc.nucgt,455,98,55,153
blender_r_base.icc_x64_O0-m64.nucgt,269,50568,207,50775
blender_r_base.icc_x64_O1-m64.nucgt,333,39213,1952,41165
blender_r_base.icc_x64_O2-m64.nucgt,1119,36517,1224,37741
blender_r_base.icc_x64_O3-m64.nucgt,1118,36519,1225,37744
blender_r_base.icc_x86_O0-m32.nucgt,222,50577,254,50831
blender_r_base.icc_x86_O1-m32.nucgt,278,39616,5453,45069
blender_r_base.icc_x86_O2-m32.nucgt,1307,36724,1426,38150
blender_r_base.icc_x86_O3-m32.nucgt,1285,36727,1426,38153
bwaves_base.x32_O0_icc.nucgt,424,79,395,474
bwaves_base.x32_O1_icc.nucgt,407,78,379,457
bwaves_base.x32_O2_icc.nucgt,424,78,396,474
bwaves_base.x32_O3_icc.nucgt,424,78,396,474
bwaves_base.x64_O0_icc.nucgt,1018,51,378,429
bwaves_base.x64_O1_icc.nucgt,1018,51,378,429
bwaves_base.x64_O2_icc.nucgt,1034,51,394,445
bwaves_base.x64_O3_icc.nucgt,1034,51,394,445
bwaves_r_base.icc_x64_O0-m64.nucgt,1008,43,379,422
bwaves_r_base.icc_x64_O1-m64.nucgt,1008,43,379,422
bwaves_r_base.icc_x64_O2-m64.nucgt,1011,43,382,425
bwaves_r_base.icc_x64_O3-m64.nucgt,1011,43,382,425
bwaves_r_base.icc_x86_O0-m32.nucgt,411,73,395,468
bwaves_r_base.icc_x86_O1-m32.nucgt,394,72,379,451
bwaves_r_base.icc_x86_O2-m32.nucgt,428,72,382,454
bwaves_r_base.icc_x86_O3-m32.nucgt,431,72,382,454
bzip2_base.x32_O0_icc.nucgt,1,108,1,109
bzip2_base.x32_O1_icc.nucgt,9,91,35,126
bzip2_base.x32_O2_icc.nucgt,99,76,39,115
bzip2_base.x32_O3_icc.nucgt,99,76,39,115
bzip2_base.x64_O0_icc.nucgt,0,106,1,107
bzip2_base.x64_O1_icc.nucgt,11,85,18,103
bzip2_base.x64_O2_icc.nucgt,432,71,39,110
bzip2_base.x64_O3_icc.nucgt,432,71,39,110
cactusADM_base.x32_O0_icc.nucgt,528,1455,505,1960
cactusADM_base.x32_O1_icc.nucgt,535,1374,773,2147
cactusADM_base.x32_O2_icc.nucgt,483,1335,472,1807
cactusADM_base.x32_O3_icc.nucgt,483,1335,472,1807
cactusADM_base.x64_O0_icc.nucgt,1163,1427,472,1899
cactusADM_base.x64_O1_icc.nucgt,1166,1341,485,1826
cactusADM_base.x64_O2_icc.nucgt,1265,1296,531,1827
cactusADM_base.x64_O3_icc.nucgt,1265,1296,531,1827
cactusBSSN_r_base.icc_x64_O0-m64.nucgt,360,3464,297,3761
cactusBSSN_r_base.icc_x64_O1-m64.nucgt,409,2798,381,3179
cactusBSSN_r_base.icc_x64_O2-m64.nucgt,1187,2679,451,3130
cactusBSSN_r_base.icc_x64_O3-m64.nucgt,1187,2680,450,3130
cactusBSSN_r_base.icc_x86_O0-m32.nucgt,368,3471,360,3831
cactusBSSN_r_base.icc_x86_O1-m32.nucgt,454,2828,824,3652
cactusBSSN_r_base.icc_x86_O2-m32.nucgt,501,2700,442,3142
cactusBSSN_r_base.icc_x86_O3-m32.nucgt,500,2700,442,3142
calculix_base.x32_O0_icc.nucgt,589,1456,555,2011
calculix_base.x32_O1_icc.nucgt,507,1218,961,2179
calculix_base.x32_O2_icc.nucgt,521,1341,553,1894
calculix_base.x32_O3_icc.nucgt,521,1338,556,1894
calculix_base.x64_O0_icc.nucgt,1203,1428,521,1949
calculix_base.x64_O1_icc.nucgt,1186,1137,741,1878
calculix_base.x64_O2_icc.nucgt,1208,1293,586,1879
calculix_base.x64_O3_icc.nucgt,1210,1292,587,1879
cam4_r_base.icc_x64_O0-m64.nucgt,1351,4910,661,5571
cam4_r_base.icc_x64_O1-m64.nucgt,1361,4670,728,5398
cam4_r_base.icc_x64_O2-m64.nucgt,1490,4646,780,5426
cam4_r_base.icc_x64_O3-m64.nucgt,1488,4646,779,5425
cam4_r_base.icc_x86_O0-m32.nucgt,729,4946,704,5650
cam4_r_base.icc_x86_O1-m32.nucgt,682,4710,1858,6568
cam4_r_base.icc_x86_O2-m32.nucgt,1071,4710,1113,5823
cam4_r_base.icc_x86_O3-m32.nucgt,1069,4710,1111,5821
cam4_validate_527_base.icc_x64_O0-m64.nucgt,1002,1054,374,1428
cam4_validate_527_base.icc_x64_O1-m64.nucgt,1003,857,417,1274
cam4_validate_527_base.icc_x64_O2-m64.nucgt,1012,770,429,1199
cam4_validate_527_base.icc_x64_O3-m64.nucgt,1012,770,429,1199
cam4_validate_527_base.icc_x86_O0-m32.nucgt,410,1084,393,1477
cam4_validate_527_base.icc_x86_O1-m32.nucgt,411,887,577,1464
cam4_validate_527_base.icc_x86_O2-m32.nucgt,587,810,477,1287
cam4_validate_527_base.icc_x86_O3-m32.nucgt,586,810,477,1287
cpugcc_r_base.icc_x64_O0-m64.nucgt,86,26783,53,26836
cpugcc_r_base.icc_x64_O1-m64.nucgt,167,14727,201,14928
cpugcc_r_base.icc_x64_O2-m64.nucgt,800,11950,629,12579
cpugcc_r_base.icc_x64_O3-m64.nucgt,800,11950,629,12579
cpugcc_r_base.icc_x86_O0-m32.nucgt,25,26813,29,26842
cpugcc_r_base.icc_x86_O1-m32.nucgt,70,15190,2555,17745
cpugcc_r_base.icc_x86_O2-m32.nucgt,2402,12043,1413,13456
cpugcc_r_base.icc_x86_O3-m32.nucgt,2398,12043,1413,13456
cpuxalan_r_base.icc_x64_O0-m64.nucgt,314,31636,837,32473
cpuxalan_r_base.icc_x64_O1-m64.nucgt,3662,13802,3472,17274
cpuxalan_r_base.icc_x64_O2-m64.nucgt,6031,14082,1980,16062
cpuxalan_r_base.icc_x64_O3-m64.nucgt,6029,14093,1969,16062
cpuxalan_r_base.icc_x86_O0-m32.nucgt,294,31694,841,32535
cpuxalan_r_base.icc_x86_O1-m32.nucgt,3819,15079,6543,21622
cpuxalan_r_base.icc_x86_O2-m32.nucgt,5662,14559,2305,16864
cpuxalan_r_base.icc_x86_O3-m32.nucgt,5604,14562,2302,16864
dealII_base.x32_O0_icc.nucgt,340,21131,226,21357
dealII_base.x32_O1_icc.nucgt,1700,9576,944,10520
dealII_base.x32_O2_icc.nucgt,1397,8620,469,9089
dealII_base.x32_O3_icc.nucgt,1359,8622,467,9089
dealII_base.x64_O0_icc.nucgt,376,21142,228,21370
dealII_base.x64_O1_icc.nucgt,1849,9162,975,10137
dealII_base.x64_O2_icc.nucgt,2056,8551,572,9123
dealII_base.x64_O3_icc.nucgt,2048,8553,570,9123
deepsjeng_r_base.icc_x64_O0-m64.nucgt,1,131,1,132
deepsjeng_r_base.icc_x64_O1-m64.nucgt,11,117,11,128
deepsjeng_r_base.icc_x64_O2-m64.nucgt,180,122,27,149
deepsjeng_r_base.icc_x64_O3-m64.nucgt,180,122,27,149
deepsjeng_r_base.icc_x86_O0-m32.nucgt,1,134,1,135
deepsjeng_r_base.icc_x86_O1-m32.nucgt,13,120,43,163
deepsjeng_r_base.icc_x86_O2-m32.nucgt,81,126,37,163
deepsjeng_r_base.icc_x86_O3-m32.nucgt,74,126,37,163
diffwrf_521_base.icc_x64_O0-m64.nucgt,1445,6593,737,7330
diffwrf_521_base.icc_x64_O1-m64.nucgt,1452,6454,759,7213
diffwrf_521_base.icc_x64_O2-m64.nucgt,1632,6338,935,7273
diffwrf_521_base.icc_x64_O3-m64.nucgt,1689,6338,947,7285
diffwrf_521_base.icc_x86_O0-m32.nucgt,835,6628,813,7441
diffwrf_521_base.icc_x86_O1-m32.nucgt,706,6487,2023,8510
diffwrf_521_base.icc_x86_O2-m32.nucgt,1329,6468,1381,7849
diffwrf_521_base.icc_x86_O3-m32.nucgt,1383,6468,1387,7855
exchange2_r_base.icc_x64_O0-m64.nucgt,1000,51,372,423
exchange2_r_base.icc_x64_O1-m64.nucgt,991,50,363,413
exchange2_r_base.icc_x64_O2-m64.nucgt,991,50,363,413
exchange2_r_base.icc_x64_O3-m64.nucgt,991,50,363,413
exchange2_r_base.icc_x86_O0-m32.nucgt,408,80,391,471
exchange2_r_base.icc_x86_O1-m32.nucgt,396,79,387,466
exchange2_r_base.icc_x86_O2-m32.nucgt,396,79,386,465
exchange2_r_base.icc_x86_O3-m32.nucgt,396,79,386,465
fotonik3d_r_base.icc_x64_O0-m64.nucgt,1087,145,445,590
fotonik3d_r_base.icc_x64_O1-m64.nucgt,1089,145,446,591
fotonik3d_r_base.icc_x64_O2-m64.nucgt,1200,147,479,626
fotonik3d_r_base.icc_x64_O3-m64.nucgt,1197,147,479,626
fotonik3d_r_base.icc_x86_O0-m32.nucgt,490,179,474,653
fotonik3d_r_base.icc_x86_O1-m32.nucgt,458,177,457,634
fotonik3d_r_base.icc_x86_O2-m32.nucgt,780,179,489,668
fotonik3d_r_base.icc_x86_O3-m32.nucgt,780,179,489,668
gamess_base.x32_O0_icc.nucgt,587,2924,560,3484
gamess_base.x32_O1_icc.nucgt,491,2916,2469,5385
gamess_base.x32_O2_icc.nucgt,666,3005,1443,4448
gamess_base.x32_O3_icc.nucgt,671,3005,1448,4453
gamess_base.x64_O0_icc.nucgt,1204,2895,528,3423
gamess_base.x64_O1_icc.nucgt,1226,2887,537,3424
gamess_base.x64_O2_icc.nucgt,1346,2977,672,3649
gamess_base.x64_O3_icc.nucgt,1345,2977,672,3649
gcc_base.x32_O0_icc.nucgt,1,5563,63,5626
gcc_base.x32_O1_icc.nucgt,47,4718,1017,5735
gcc_base.x32_O2_icc.nucgt,1363,4142,650,4792
gcc_base.x32_O3_icc.nucgt,1364,4141,651,4792
gcc_base.x64_O0_icc.nucgt,59,5556,64,5620
gcc_base.x64_O1_icc.nucgt,126,4640,224,4864
gcc_base.x64_O2_icc.nucgt,805,4093,343,4436
gcc_base.x64_O3_icc.nucgt,805,4094,342,4436
GemsFDTD_base.x32_O0_icc.nucgt,593,190,559,749
GemsFDTD_base.x32_O1_icc.nucgt,546,182,551,733
GemsFDTD_base.x32_O2_icc.nucgt,548,187,534,721
GemsFDTD_base.x32_O3_icc.nucgt,555,187,541,728
GemsFDTD_base.x64_O0_icc.nucgt,1184,161,513,674
GemsFDTD_base.x64_O1_icc.nucgt,1184,153,516,669
GemsFDTD_base.x64_O2_icc.nucgt,1192,160,528,688
GemsFDTD_base.x64_O3_icc.nucgt,1198,160,536,696
gobmk_base.x32_O0_icc.nucgt,37,2693,39,2732
gobmk_base.x32_O1_icc.nucgt,41,2542,174,2716
gobmk_base.x32_O2_icc.nucgt,170,2461,95,2556
gobmk_base.x32_O3_icc.nucgt,170,2462,95,2557
gobmk_base.x64_O0_icc.nucgt,52,2691,39,2730
gobmk_base.x64_O1_icc.nucgt,61,2529,70,2599
gobmk_base.x64_O2_icc.nucgt,505,2453,108,2561
gobmk_base.x64_O3_icc.nucgt,505,2453,108,2561
gromacs_base.x32_O0_icc.nucgt,106,1549,107,1656
gromacs_base.x32_O1_icc.nucgt,99,1240,330,1570
gromacs_base.x32_O2_icc.nucgt,174,997,152,1149
gromacs_base.x32_O3_icc.nucgt,174,997,152,1149
gromacs_base.x64_O0_icc.nucgt,119,1546,90,1636
gromacs_base.x64_O1_icc.nucgt,125,1227,109,1336
gromacs_base.x64_O2_icc.nucgt,605,988,173,1161
gromacs_base.x64_O3_icc.nucgt,603,988,173,1161
h264ref_base.x32_O0_icc.nucgt,60,604,58,662
h264ref_base.x32_O1_icc.nucgt,67,540,244,784
h264ref_base.x32_O2_icc.nucgt,119,536,112,648
h264ref_base.x32_O3_icc.nucgt,119,536,112,648
h264ref_base.x64_O0_icc.nucgt,63,601,55,656
h264ref_base.x64_O1_icc.nucgt,70,535,68,603
h264ref_base.x64_O2_icc.nucgt,506,527,105,632
h264ref_base.x64_O3_icc.nucgt,507,527,105,632
hmmer_base.x32_O0_icc.nucgt,52,551,52,603
hmmer_base.x32_O1_icc.nucgt,56,512,144,656
hmmer_base.x32_O2_icc.nucgt,236,468,143,611
hmmer_base.x32_O3_icc.nucgt,236,468,143,611
hmmer_base.x64_O0_icc.nucgt,59,549,49,598
hmmer_base.x64_O1_icc.nucgt,68,504,60,564
hmmer_base.x64_O2_icc.nucgt,836,463,168,631
hmmer_base.x64_O3_icc.nucgt,835,463,168,631
icc_binutils_32_O0_addr2line.nucgt,244,1682,7,1689
icc_binutils_32_O0_ar.nucgt,281,1762,9,1771
icc_binutils_32_O0_as-new.nucgt,254,2431,7,2438
icc_binutils_32_O0_cxxfilt.nucgt,245,1680,7,1687
icc_binutils_32_O0_elfedit.nucgt,10,52,6,58
icc_binutils_32_O0_gprof.nucgt,322,1773,9,1782
icc_binutils_32_O0_ld-new.nucgt,461,2243,13,2256
icc_binutils_32_O0_nm-new.nucgt,251,1714,7,1721
icc_binutils_32_O0_objcopy.nucgt,406,2022,7,2029
icc_binutils_32_O0_objdump.nucgt,576,2251,8,2259
icc_binutils_32_O0_ranlib.nucgt,281,1762,9,1771
icc_binutils_32_O0_readelf.nucgt,2676,359,3,362
icc_binutils_32_O0_size.nucgt,244,1694,8,1702
icc_binutils_32_O0_strings.nucgt,244,1682,7,1689
icc_binutils_32_O0_strip-new.nucgt,406,2022,7,2029
icc_binutils_32_O0_sysinfo.nucgt,21,44,2,46
icc_binutils_32_O1_addr2line.nucgt,0,1422,238,1660
icc_binutils_32_O1_ar.nucgt,1,1495,250,1745
icc_binutils_32_O1_as-new.nucgt,0,2054,352,2406
icc_binutils_32_O1_cxxfilt.nucgt,0,1420,238,1658
icc_binutils_32_O1_elfedit.nucgt,0,50,18,68
icc_binutils_32_O1_gprof.nucgt,0,1489,245,1734
icc_binutils_32_O1_ld-new.nucgt,0,1891,303,2194
icc_binutils_32_O1_nm-new.nucgt,0,1447,241,1688
icc_binutils_32_O1_objcopy.nucgt,0,1701,263,1964
icc_binutils_32_O1_objdump.nucgt,0,1903,289,2192
icc_binutils_32_O1_ranlib.nucgt,1,1495,250,1745
icc_binutils_32_O1_readelf.nucgt,0,241,21,262
icc_binutils_32_O1_size.nucgt,0,1434,239,1673
icc_binutils_32_O1_strings.nucgt,0,1424,237,1661
icc_binutils_32_O1_strip-new.nucgt,0,1701,263,1964
icc_binutils_32_O1_sysinfo.nucgt,1,46,11,57
icc_binutils_32_O2_addr2line.nucgt,65,1274,102,1376
icc_binutils_32_O2_ar.nucgt,65,1339,110,1449
icc_binutils_32_O2_as-new.nucgt,65,1829,137,1966
icc_binutils_32_O2_cxxfilt.nucgt,65,1272,102,1374
icc_binutils_32_O2_elfedit.nucgt,24,60,17,77
icc_binutils_32_O2_gprof.nucgt,65,1327,104,1431
icc_binutils_32_O2_ld-new.nucgt,65,1704,126,1830
icc_binutils_32_O2_nm-new.nucgt,65,1297,102,1399
icc_binutils_32_O2_objcopy.nucgt,65,1525,110,1635
icc_binutils_32_O2_objdump.nucgt,65,1712,120,1832
icc_binutils_32_O2_ranlib.nucgt,65,1339,110,1449
icc_binutils_32_O2_readelf.nucgt,65,236,29,265
icc_binutils_32_O2_size.nucgt,65,1283,102,1385
icc_binutils_32_O2_strings.nucgt,65,1275,102,1377
icc_binutils_32_O2_strip-new.nucgt,65,1525,110,1635
icc_binutils_32_O2_sysinfo.nucgt,24,45,13,58
icc_binutils_32_O3_addr2line.nucgt,65,1272,104,1376
icc_binutils_32_O3_ar.nucgt,65,1337,112,1449
icc_binutils_32_O3_as-new.nucgt,65,1827,139,1966
icc_binutils_32_O3_cxxfilt.nucgt,65,1270,104,1374
icc_binutils_32_O3_elfedit.nucgt,24,60,17,77
icc_binutils_32_O3_gprof.nucgt,65,1325,106,1431
icc_binutils_32_O3_ld-new.nucgt,65,1702,128,1830
icc_binutils_32_O3_nm-new.nucgt,65,1295,104,1399
icc_binutils_32_O3_objcopy.nucgt,65,1523,112,1635
icc_binutils_32_O3_objdump.nucgt,65,1710,122,1832
icc_binutils_32_O3_ranlib.nucgt,65,1337,112,1449
icc_binutils_32_O3_readelf.nucgt,65,236,29,265
icc_binutils_32_O3_size.nucgt,65,1281,104,1385
icc_binutils_32_O3_strings.nucgt,65,1273,104,1377
icc_binutils_32_O3_strip-new.nucgt,65,1523,112,1635
icc_binutils_32_O3_sysinfo.nucgt,24,45,13,58
icc_binutils_64_O0_addr2line.nucgt,252,1674,7,1681
icc_binutils_64_O0_ar.nucgt,289,1754,9,1763
icc_binutils_64_O0_as-new.nucgt,271,2423,7,2430
icc_binutils_64_O0_cxxfilt.nucgt,253,1672,7,1679
icc_binutils_64_O0_elfedit.nucgt,12,50,5,55
icc_binutils_64_O0_gprof.nucgt,327,1765,9,1774
icc_binutils_64_O0_ld-new.nucgt,477,2235,13,2248
icc_binutils_64_O0_nm-new.nucgt,259,1706,7,1713
icc_binutils_64_O0_objcopy.nucgt,419,2014,7,2021
icc_binutils_64_O0_objdump.nucgt,595,2242,9,2251
icc_binutils_64_O0_ranlib.nucgt,289,1754,9,1763
icc_binutils_64_O0_readelf.nucgt,2678,354,2,356
icc_binutils_64_O0_size.nucgt,252,1686,8,1694
icc_binutils_64_O0_strings.nucgt,252,1674,7,1681
icc_binutils_64_O0_strip-new.nucgt,419,2014,7,2021
icc_binutils_64_O0_sysinfo.nucgt,21,44,2,46
icc_binutils_64_O1_addr2line.nucgt,12,1398,49,1447
icc_binutils_64_O1_ar.nucgt,13,1470,50,1520
icc_binutils_64_O1_as-new.nucgt,22,2016,70,2086
icc_binutils_64_O1_cxxfilt.nucgt,12,1395,50,1445
icc_binutils_64_O1_elfedit.nucgt,4,50,6,56
icc_binutils_64_O1_gprof.nucgt,9,1464,51,1515
icc_binutils_64_O1_ld-new.nucgt,20,1860,68,1928
icc_binutils_64_O1_nm-new.nucgt,12,1423,51,1474
icc_binutils_64_O1_objcopy.nucgt,17,1674,68,1742
icc_binutils_64_O1_objdump.nucgt,20,1875,78,1953
icc_binutils_64_O1_ranlib.nucgt,13,1470,50,1520
icc_binutils_64_O1_readelf.nucgt,4,238,4,242
icc_binutils_64_O1_size.nucgt,12,1410,49,1459
icc_binutils_64_O1_strings.nucgt,12,1399,49,1448
icc_binutils_64_O1_strip-new.nucgt,17,1674,68,1742
icc_binutils_64_O1_sysinfo.nucgt,3,45,3,48
icc_binutils_64_O2_addr2line.nucgt,617,1250,59,1309
icc_binutils_64_O2_ar.nucgt,617,1315,59,1374
icc_binutils_64_O2_as-new.nucgt,628,1787,74,1861
icc_binutils_64_O2_cxxfilt.nucgt,617,1248,59,1307
icc_binutils_64_O2_elfedit.nucgt,485,60,13,73
icc_binutils_64_O2_gprof.nucgt,614,1303,59,1362
icc_binutils_64_O2_ld-new.nucgt,626,1673,67,1740
icc_binutils_64_O2_nm-new.nucgt,617,1272,59,1331
icc_binutils_64_O2_objcopy.nucgt,622,1459,105,1564
icc_binutils_64_O2_objdump.nucgt,626,1647,112,1759
icc_binutils_64_O2_ranlib.nucgt,617,1315,59,1374
icc_binutils_64_O2_readelf.nucgt,608,234,16,250
icc_binutils_64_O2_size.nucgt,617,1259,59,1318
icc_binutils_64_O2_strings.nucgt,617,1251,59,1310
icc_binutils_64_O2_strip-new.nucgt,622,1459,105,1564
icc_binutils_64_O2_sysinfo.nucgt,254,45,8,53
icc_binutils_64_O3_addr2line.nucgt,617,1251,58,1309
icc_binutils_64_O3_ar.nucgt,617,1316,58,1374
icc_binutils_64_O3_as-new.nucgt,628,1788,73,1861
icc_binutils_64_O3_cxxfilt.nucgt,617,1249,58,1307
icc_binutils_64_O3_elfedit.nucgt,485,60,13,73
icc_binutils_64_O3_gprof.nucgt,614,1304,58,1362
icc_binutils_64_O3_ld-new.nucgt,625,1674,66,1740
icc_binutils_64_O3_nm-new.nucgt,617,1273,58,1331
icc_binutils_64_O3_objcopy.nucgt,622,1460,104,1564
icc_binutils_64_O3_objdump.nucgt,626,1648,111,1759
icc_binutils_64_O3_ranlib.nucgt,617,1316,58,1374
icc_binutils_64_O3_readelf.nucgt,608,234,16,250
icc_binutils_64_O3_size.nucgt,617,1260,58,1318
icc_binutils_64_O3_strings.nucgt,617,1252,58,1310
icc_binutils_64_O3_strip-new.nucgt,622,1460,104,1564
icc_binutils_64_O3_sysinfo.nucgt,254,45,8,53
icc_coreutils_32_O0_[.nucgt,21,130,2,132
icc_coreutils_32_O0_base64.nucgt,0,124,1,125
icc_coreutils_32_O0_basename.nucgt,0,107,1,108
icc_coreutils_32_O0_cat.nucgt,0,142,1,143
icc_coreutils_32_O0_chcon.nucgt,0,226,3,229
icc_coreutils_32_O0_chgrp.nucgt,0,218,2,220
icc_coreutils_32_O0_chmod.nucgt,1,214,3,217
icc_coreutils_32_O0_chown.nucgt,0,220,2,222
icc_coreutils_32_O0_chroot.nucgt,0,110,3,113
icc_coreutils_32_O0_cksum.nucgt,0,110,3,113
icc_coreutils_32_O0_comm.nucgt,0,121,1,122
icc_coreutils_32_O0_cp.nucgt,0,332,1,333
icc_coreutils_32_O0_csplit.nucgt,6,318,4,322
icc_coreutils_32_O0_cut.nucgt,0,167,3,170
icc_coreutils_32_O0_date.nucgt,0,150,1,151
icc_coreutils_32_O0_dd.nucgt,0,172,1,173
icc_coreutils_32_O0_df.nucgt,1,286,2,288
icc_coreutils_32_O0_dir.nucgt,8,359,1,360
icc_coreutils_32_O0_dircolors.nucgt,0,110,1,111
icc_coreutils_32_O0_dirname.nucgt,0,102,2,104
icc_coreutils_32_O0_du.nucgt,0,328,2,330
icc_coreutils_32_O0_echo.nucgt,6,93,1,94
icc_coreutils_32_O0_env.nucgt,0,101,3,104
icc_coreutils_32_O0_expand.nucgt,0,113,1,114
icc_coreutils_32_O0_expr.nucgt,6,287,3,290
icc_coreutils_32_O0_factor.nucgt,1,195,2,197
icc_coreutils_32_O0_false.nucgt,0,89,3,92
icc_coreutils_32_O0_fmt.nucgt,0,124,2,126
icc_coreutils_32_O0_fold.nucgt,0,110,1,111
icc_coreutils_32_O0_getlimits.nucgt,0,130,1,131
icc_coreutils_32_O0_ginstall.nucgt,1,358,1,359
icc_coreutils_32_O0_groups.nucgt,0,110,2,112
icc_coreutils_32_O0_head.nucgt,0,131,1,132
icc_coreutils_32_O0_hostid.nucgt,0,101,2,103
icc_coreutils_32_O0_id.nucgt,0,114,2,116
icc_coreutils_32_O0_join.nucgt,0,145,1,146
icc_coreutils_32_O0_kill.nucgt,0,109,1,110
icc_coreutils_32_O0_link.nucgt,0,101,2,103
icc_coreutils_32_O0_ln.nucgt,0,200,2,202
icc_coreutils_32_O0_logname.nucgt,0,100,3,103
icc_coreutils_32_O0_ls.nucgt,8,359,1,360
icc_coreutils_32_O0_make-prime-list.nucgt,0,15,2,17
icc_coreutils_32_O0_md5sum.nucgt,0,127,2,129
icc_coreutils_32_O0_mkdir.nucgt,1,148,1,149
icc_coreutils_32_O0_mkfifo.nucgt,0,106,3,109
icc_coreutils_32_O0_mknod.nucgt,0,112,3,115
icc_coreutils_32_O0_mktemp.nucgt,0,141,1,142
icc_coreutils_32_O0_mv.nucgt,4,369,2,371
icc_coreutils_32_O0_nice.nucgt,0,106,2,108
icc_coreutils_32_O0_nl.nucgt,6,285,2,287
icc_coreutils_32_O0_nohup.nucgt,0,110,2,112
icc_coreutils_32_O0_nproc.nucgt,0,105,2,107
icc_coreutils_32_O0_numfmt.nucgt,23,171,1,172
icc_coreutils_32_O0_od.nucgt,2,173,3,176
icc_coreutils_32_O0_paste.nucgt,0,109,2,111
icc_coreutils_32_O0_pathchk.nucgt,0,106,2,108
icc_coreutils_32_O0_pinky.nucgt,0,124,2,126
icc_coreutils_32_O0_pr.nucgt,0,172,2,174
icc_coreutils_32_O0_printenv.nucgt,0,101,2,103
icc_coreutils_32_O0_printf.nucgt,1,135,1,136
icc_coreutils_32_O0_ptx.nucgt,6,323,4,327
icc_coreutils_32_O0_pwd.nucgt,0,116,2,118
icc_coreutils_32_O0_readlink.nucgt,0,166,2,168
icc_coreutils_32_O0_realpath.nucgt,0,200,1,201
icc_coreutils_32_O0_rm.nucgt,4,234,1,235
icc_coreutils_32_O0_rmdir.nucgt,2,129,2,131
icc_coreutils_32_O0_runcon.nucgt,0,104,3,107
icc_coreutils_32_O0_seq.nucgt,1,135,1,136
icc_coreutils_32_O0_setuidgid.nucgt,0,108,3,111
icc_coreutils_32_O0_sha1sum.nucgt,0,127,2,129
icc_coreutils_32_O0_sha224sum.nucgt,0,134,1,135
icc_coreutils_32_O0_sha256sum.nucgt,0,133,2,135
icc_coreutils_32_O0_sha384sum.nucgt,0,135,2,137
icc_coreutils_32_O0_sha512sum.nucgt,0,135,2,137
icc_coreutils_32_O0_shred.nucgt,0,169,1,170
icc_coreutils_32_O0_shuf.nucgt,0,199,1,200
icc_coreutils_32_O0_sleep.nucgt,0,108,1,109
icc_coreutils_32_O0_sort.nucgt,2,325,2,327
icc_coreutils_32_O0_split.nucgt,0,173,2,175
icc_coreutils_32_O0_stat.nucgt,1,200,2,202
icc_coreutils_32_O0_stdbuf.nucgt,1,170,1,171
icc_coreutils_32_O0_stty.nucgt,6,151,2,153
icc_coreutils_32_O0_sum.nucgt,0,126,3,129
icc_coreutils_32_O0_sync.nucgt,0,100,3,103
icc_coreutils_32_O0_tac.nucgt,6,280,2,282
icc_coreutils_32_O0_tail.nucgt,0,221,2,223
icc_coreutils_32_O0_tee.nucgt,0,109,2,111
icc_coreutils_32_O0_test.nucgt,21,130,2,132
icc_coreutils_32_O0_timeout.nucgt,0,145,1,146
icc_coreutils_32_O0_touch.nucgt,0,171,3,174
icc_coreutils_32_O0_tr.nucgt,0,147,1,148
icc_coreutils_32_O0_true.nucgt,0,89,3,92
icc_coreutils_32_O0_truncate.nucgt,0,141,1,142
icc_coreutils_32_O0_tsort.nucgt,0,120,1,121
icc_coreutils_32_O0_tty.nucgt,0,101,2,103
icc_coreutils_32_O0_uname.nucgt,0,103,1,104
icc_coreutils_32_O0_unexpand.nucgt,0,113,1,114
icc_coreutils_32_O0_uniq.nucgt,0,133,2,135
icc_coreutils_32_O0_unlink.nucgt,0,100,3,103
icc_coreutils_32_O0_uptime.nucgt,0,115,2,117
icc_coreutils_32_O0_users.nucgt,0,106,3,109
icc_coreutils_32_O0_vdir.nucgt,8,359,1,360
icc_coreutils_32_O0_wc.nucgt,0,132,1,133
icc_coreutils_32_O0_who.nucgt,1,149,2,151
icc_coreutils_32_O0_whoami.nucgt,0,100,3,103
icc_coreutils_32_O0_yes.nucgt,0,102,2,104
icc_coreutils_32_O1_[.nucgt,0,118,23,141
icc_coreutils_32_O1_base64.nucgt,0,117,27,144
icc_coreutils_32_O1_basename.nucgt,0,109,23,132
icc_coreutils_32_O1_cat.nucgt,0,133,25,158
icc_coreutils_32_O1_chcon.nucgt,0,201,29,230
icc_coreutils_32_O1_chgrp.nucgt,0,193,29,222
icc_coreutils_32_O1_chmod.nucgt,0,190,27,217
icc_coreutils_32_O1_chown.nucgt,0,195,29,224
icc_coreutils_32_O1_chroot.nucgt,0,112,25,137
icc_coreutils_32_O1_cksum.nucgt,0,111,25,136
icc_coreutils_32_O1_comm.nucgt,0,124,25,149
icc_coreutils_32_O1_cp.nucgt,0,269,47,316
icc_coreutils_32_O1_csplit.nucgt,0,254,27,281
icc_coreutils_32_O1_cut.nucgt,0,150,28,178
icc_coreutils_32_O1_date.nucgt,0,133,29,162
icc_coreutils_32_O1_dd.nucgt,0,153,26,179
icc_coreutils_32_O1_df.nucgt,0,238,34,272
icc_coreutils_32_O1_dir.nucgt,0,293,36,329
icc_coreutils_32_O1_dircolors.nucgt,0,111,23,134
icc_coreutils_32_O1_dirname.nucgt,0,106,25,131
icc_coreutils_32_O1_du.nucgt,0,272,34,306
icc_coreutils_32_O1_echo.nucgt,0,98,21,119
icc_coreutils_32_O1_env.nucgt,0,103,25,128
icc_coreutils_32_O1_expand.nucgt,0,111,25,136
icc_coreutils_32_O1_expr.nucgt,0,241,25,266
icc_coreutils_32_O1_factor.nucgt,0,176,27,203
icc_coreutils_32_O1_false.nucgt,0,96,22,118
icc_coreutils_32_O1_fmt.nucgt,0,122,25,147
icc_coreutils_32_O1_fold.nucgt,0,112,24,136
icc_coreutils_32_O1_getlimits.nucgt,0,127,23,150
icc_coreutils_32_O1_ginstall.nucgt,0,289,46,335
icc_coreutils_32_O1_groups.nucgt,0,113,24,137
icc_coreutils_32_O1_head.nucgt,0,124,23,147
icc_coreutils_32_O1_hostid.nucgt,0,105,24,129
icc_coreutils_32_O1_id.nucgt,0,115,24,139
icc_coreutils_32_O1_join.nucgt,0,142,24,166
icc_coreutils_32_O1_kill.nucgt,0,109,23,132
icc_coreutils_32_O1_link.nucgt,0,104,25,129
icc_coreutils_32_O1_ln.nucgt,0,182,32,214
icc_coreutils_32_O1_logname.nucgt,0,105,24,129
icc_coreutils_32_O1_ls.nucgt,0,293,36,329
icc_coreutils_32_O1_make-prime-list.nucgt,0,18,2,20
icc_coreutils_32_O1_md5sum.nucgt,0,120,31,151
icc_coreutils_32_O1_mkdir.nucgt,0,142,26,168
icc_coreutils_32_O1_mkfifo.nucgt,0,109,24,133
icc_coreutils_32_O1_mknod.nucgt,0,114,24,138
icc_coreutils_32_O1_mktemp.nucgt,0,131,28,159
icc_coreutils_32_O1_mv.nucgt,0,293,47,340
icc_coreutils_32_O1_nice.nucgt,0,107,24,131
icc_coreutils_32_O1_nl.nucgt,0,235,27,262
icc_coreutils_32_O1_nohup.nucgt,0,112,24,136
icc_coreutils_32_O1_nproc.nucgt,0,109,24,133
icc_coreutils_32_O1_numfmt.nucgt,0,151,27,178
icc_coreutils_32_O1_od.nucgt,0,160,27,187
icc_coreutils_32_O1_paste.nucgt,0,107,25,132
icc_coreutils_32_O1_pathchk.nucgt,0,107,24,131
icc_coreutils_32_O1_pinky.nucgt,0,119,25,144
icc_coreutils_32_O1_pr.nucgt,0,155,24,179
icc_coreutils_32_O1_printenv.nucgt,0,104,24,128
icc_coreutils_32_O1_printf.nucgt,0,128,24,152
icc_coreutils_32_O1_ptx.nucgt,0,268,32,300
icc_coreutils_32_O1_pwd.nucgt,0,116,23,139
icc_coreutils_32_O1_readlink.nucgt,0,156,28,184
icc_coreutils_32_O1_realpath.nucgt,0,182,28,210
icc_coreutils_32_O1_rm.nucgt,0,201,31,232
icc_coreutils_32_O1_rmdir.nucgt,0,123,24,147
icc_coreutils_32_O1_runcon.nucgt,0,104,28,132
icc_coreutils_32_O1_seq.nucgt,0,127,23,150
icc_coreutils_32_O1_setuidgid.nucgt,0,111,25,136
icc_coreutils_32_O1_sha1sum.nucgt,0,120,31,151
icc_coreutils_32_O1_sha224sum.nucgt,0,125,35,160
icc_coreutils_32_O1_sha256sum.nucgt,0,125,35,160
icc_coreutils_32_O1_sha384sum.nucgt,0,125,35,160
icc_coreutils_32_O1_sha512sum.nucgt,0,125,35,160
icc_coreutils_32_O1_shred.nucgt,0,156,29,185
icc_coreutils_32_O1_shuf.nucgt,0,174,30,204
icc_coreutils_32_O1_sleep.nucgt,0,108,25,133
icc_coreutils_32_O1_sort.nucgt,0,263,38,301
icc_coreutils_32_O1_split.nucgt,0,152,24,176
icc_coreutils_32_O1_stat.nucgt,0,169,29,198
icc_coreutils_32_O1_stdbuf.nucgt,0,153,26,179
icc_coreutils_32_O1_stty.nucgt,0,140,25,165
icc_coreutils_32_O1_sum.nucgt,0,124,28,152
icc_coreutils_32_O1_sync.nucgt,0,104,25,129
icc_coreutils_32_O1_tac.nucgt,0,228,26,254
icc_coreutils_32_O1_tail.nucgt,0,178,31,209
icc_coreutils_32_O1_tee.nucgt,0,109,25,134
icc_coreutils_32_O1_test.nucgt,0,114,21,135
icc_coreutils_32_O1_timeout.nucgt,0,134,25,159
icc_coreutils_32_O1_touch.nucgt,0,154,31,185
icc_coreutils_32_O1_tr.nucgt,0,129,25,154
icc_coreutils_32_O1_true.nucgt,0,95,23,118
icc_coreutils_32_O1_truncate.nucgt,0,131,25,156
icc_coreutils_32_O1_tsort.nucgt,0,119,27,146
icc_coreutils_32_O1_tty.nucgt,0,103,25,128
icc_coreutils_32_O1_uname.nucgt,0,106,23,129
icc_coreutils_32_O1_unexpand.nucgt,0,111,24,135
icc_coreutils_32_O1_uniq.nucgt,0,136,27,163
icc_coreutils_32_O1_unlink.nucgt,0,104,25,129
icc_coreutils_32_O1_uptime.nucgt,0,115,24,139
icc_coreutils_32_O1_users.nucgt,0,108,25,133
icc_coreutils_32_O1_vdir.nucgt,0,293,36,329
icc_coreutils_32_O1_wc.nucgt,0,130,24,154
icc_coreutils_32_O1_who.nucgt,0,134,25,159
icc_coreutils_32_O1_whoami.nucgt,0,105,24,129
icc_coreutils_32_O1_yes.nucgt,0,105,24,129
icc_coreutils_32_O2_[.nucgt,65,93,27,120
icc_coreutils_32_O2_base64.nucgt,65,101,33,134
icc_coreutils_32_O2_basename.nucgt,65,92,28,120
icc_coreutils_32_O2_cat.nucgt,65,118,33,151
icc_coreutils_32_O2_chcon.nucgt,65,161,37,198
icc_coreutils_32_O2_chgrp.nucgt,65,155,36,191
icc_coreutils_32_O2_chmod.nucgt,65,152,34,186
icc_coreutils_32_O2_chown.nucgt,65,156,36,192
icc_coreutils_32_O2_chroot.nucgt,65,95,28,123
icc_coreutils_32_O2_cksum.nucgt,65,97,28,125
icc_coreutils_32_O2_comm.nucgt,65,104,29,133
icc_coreutils_32_O2_cp.nucgt,65,237,41,278
icc_coreutils_32_O2_csplit.nucgt,65,173,40,213
icc_coreutils_32_O2_cut.nucgt,65,126,31,157
icc_coreutils_32_O2_date.nucgt,65,110,31,141
icc_coreutils_32_O2_dd.nucgt,65,123,36,159
icc_coreutils_32_O2_df.nucgt,65,201,38,239
icc_coreutils_32_O2_dir.nucgt,67,235,39,274
icc_coreutils_32_O2_dircolors.nucgt,65,94,28,122
icc_coreutils_32_O2_dirname.nucgt,65,91,28,119
icc_coreutils_32_O2_du.nucgt,65,222,36,258
icc_coreutils_32_O2_echo.nucgt,65,81,27,108
icc_coreutils_32_O2_env.nucgt,65,89,28,117
icc_coreutils_32_O2_expand.nucgt,65,94,28,122
icc_coreutils_32_O2_expr.nucgt,65,164,40,204
icc_coreutils_32_O2_factor.nucgt,65,150,33,183
icc_coreutils_32_O2_false.nucgt,65,81,27,108
icc_coreutils_32_O2_fmt.nucgt,65,97,29,126
icc_coreutils_32_O2_fold.nucgt,65,95,32,127
icc_coreutils_32_O2_getlimits.nucgt,65,114,33,147
icc_coreutils_32_O2_ginstall.nucgt,65,250,41,291
icc_coreutils_32_O2_groups.nucgt,65,96,28,124
icc_coreutils_32_O2_head.nucgt,65,101,27,128
icc_coreutils_32_O2_hostid.nucgt,65,90,28,118
icc_coreutils_32_O2_id.nucgt,65,96,28,124
icc_coreutils_32_O2_join.nucgt,65,115,26,141
icc_coreutils_32_O2_kill.nucgt,65,92,28,120
icc_coreutils_32_O2_link.nucgt,65,90,28,118
icc_coreutils_32_O2_ln.nucgt,65,156,37,193
icc_coreutils_32_O2_logname.nucgt,65,90,28,118
icc_coreutils_32_O2_ls.nucgt,67,235,39,274
icc_coreutils_32_O2_make-prime-list.nucgt,41,20,11,31
icc_coreutils_32_O2_md5sum.nucgt,65,102,30,132
icc_coreutils_32_O2_mkdir.nucgt,65,124,28,152
icc_coreutils_32_O2_mkfifo.nucgt,65,92,28,120
icc_coreutils_32_O2_mknod.nucgt,65,94,29,123
icc_coreutils_32_O2_mktemp.nucgt,65,115,30,145
icc_coreutils_32_O2_mv.nucgt,65,244,41,285
icc_coreutils_32_O2_nice.nucgt,65,90,28,118
icc_coreutils_32_O2_nl.nucgt,65,165,39,204
icc_coreutils_32_O2_nohup.nucgt,65,97,28,125
icc_coreutils_32_O2_nproc.nucgt,65,91,28,119
icc_coreutils_32_O2_numfmt.nucgt,65,120,29,149
icc_coreutils_32_O2_od.nucgt,65,137,28,165
icc_coreutils_32_O2_paste.nucgt,65,91,28,119
icc_coreutils_32_O2_pathchk.nucgt,65,90,28,118
icc_coreutils_32_O2_pinky.nucgt,65,103,28,131
icc_coreutils_32_O2_pr.nucgt,65,120,28,148
icc_coreutils_32_O2_printenv.nucgt,65,89,28,117
icc_coreutils_32_O2_printf.nucgt,65,111,28,139
icc_coreutils_32_O2_ptx.nucgt,65,194,43,237
icc_coreutils_32_O2_pwd.nucgt,65,93,33,126
icc_coreutils_32_O2_readlink.nucgt,65,131,36,167
icc_coreutils_32_O2_realpath.nucgt,65,154,36,190
icc_coreutils_32_O2_rm.nucgt,65,160,36,196
icc_coreutils_32_O2_rmdir.nucgt,65,106,28,134
icc_coreutils_32_O2_runcon.nucgt,65,92,28,120
icc_coreutils_32_O2_seq.nucgt,65,110,29,139
icc_coreutils_32_O2_setuidgid.nucgt,65,93,28,121
icc_coreutils_32_O2_sha1sum.nucgt,65,102,30,132
icc_coreutils_32_O2_sha224sum.nucgt,65,107,30,137
icc_coreutils_32_O2_sha256sum.nucgt,65,107,30,137
icc_coreutils_32_O2_sha384sum.nucgt,65,107,30,137
icc_coreutils_32_O2_sha512sum.nucgt,65,107,30,137
icc_coreutils_32_O2_shred.nucgt,65,129,34,163
icc_coreutils_32_O2_shuf.nucgt,65,143,31,174
icc_coreutils_32_O2_sleep.nucgt,65,94,28,122
icc_coreutils_32_O2_sort.nucgt,65,208,37,245
icc_coreutils_32_O2_split.nucgt,65,136,33,169
icc_coreutils_32_O2_stat.nucgt,65,143,35,178
icc_coreutils_32_O2_stdbuf.nucgt,65,139,33,172
icc_coreutils_32_O2_stty.nucgt,65,110,29,139
icc_coreutils_32_O2_sum.nucgt,65,106,34,140
icc_coreutils_32_O2_sync.nucgt,65,89,29,118
icc_coreutils_32_O2_tac.nucgt,65,160,41,201
icc_coreutils_32_O2_tail.nucgt,65,144,31,175
icc_coreutils_32_O2_tee.nucgt,65,93,29,122
icc_coreutils_32_O2_test.nucgt,65,88,26,114
icc_coreutils_32_O2_timeout.nucgt,65,119,34,153
icc_coreutils_32_O2_touch.nucgt,65,126,37,163
icc_coreutils_32_O2_tr.nucgt,65,104,28,132
icc_coreutils_32_O2_true.nucgt,65,81,27,108
icc_coreutils_32_O2_truncate.nucgt,65,115,34,149
icc_coreutils_32_O2_tsort.nucgt,65,100,28,128
icc_coreutils_32_O2_tty.nucgt,65,89,28,117
icc_coreutils_32_O2_uname.nucgt,65,89,28,117
icc_coreutils_32_O2_unexpand.nucgt,65,94,28,122
icc_coreutils_32_O2_uniq.nucgt,65,112,27,139
icc_coreutils_32_O2_unlink.nucgt,65,90,28,118
icc_coreutils_32_O2_uptime.nucgt,65,100,28,128
icc_coreutils_32_O2_users.nucgt,65,94,28,122
icc_coreutils_32_O2_vdir.nucgt,67,235,39,274
icc_coreutils_32_O2_wc.nucgt,65,109,28,137
icc_coreutils_32_O2_who.nucgt,65,119,29,148
icc_coreutils_32_O2_whoami.nucgt,65,90,28,118
icc_coreutils_32_O2_yes.nucgt,65,90,28,118
icc_coreutils_32_O3_[.nucgt,65,93,27,120
icc_coreutils_32_O3_base64.nucgt,65,101,33,134
icc_coreutils_32_O3_basename.nucgt,65,92,28,120
icc_coreutils_32_O3_cat.nucgt,65,118,33,151
icc_coreutils_32_O3_chcon.nucgt,65,161,37,198
icc_coreutils_32_O3_chgrp.nucgt,65,155,36,191
icc_coreutils_32_O3_chmod.nucgt,65,152,34,186
icc_coreutils_32_O3_chown.nucgt,65,156,36,192
icc_coreutils_32_O3_chroot.nucgt,65,95,28,123
icc_coreutils_32_O3_cksum.nucgt,65,97,28,125
icc_coreutils_32_O3_comm.nucgt,65,104,29,133
icc_coreutils_32_O3_cp.nucgt,65,237,41,278
icc_coreutils_32_O3_csplit.nucgt,65,173,40,213
icc_coreutils_32_O3_cut.nucgt,65,126,31,157
icc_coreutils_32_O3_date.nucgt,65,110,31,141
icc_coreutils_32_O3_dd.nucgt,65,123,36,159
icc_coreutils_32_O3_df.nucgt,65,201,38,239
icc_coreutils_32_O3_dir.nucgt,67,235,39,274
icc_coreutils_32_O3_dircolors.nucgt,65,94,28,122
icc_coreutils_32_O3_dirname.nucgt,65,91,28,119
icc_coreutils_32_O3_du.nucgt,65,222,36,258
icc_coreutils_32_O3_echo.nucgt,65,81,27,108
icc_coreutils_32_O3_env.nucgt,65,89,28,117
icc_coreutils_32_O3_expand.nucgt,65,94,28,122
icc_coreutils_32_O3_expr.nucgt,65,164,40,204
icc_coreutils_32_O3_factor.nucgt,65,150,33,183
icc_coreutils_32_O3_false.nucgt,65,81,27,108
icc_coreutils_32_O3_fmt.nucgt,65,97,29,126
icc_coreutils_32_O3_fold.nucgt,65,95,32,127
icc_coreutils_32_O3_getlimits.nucgt,65,114,33,147
icc_coreutils_32_O3_ginstall.nucgt,65,250,41,291
icc_coreutils_32_O3_groups.nucgt,65,96,28,124
icc_coreutils_32_O3_head.nucgt,65,101,27,128
icc_coreutils_32_O3_hostid.nucgt,65,90,28,118
icc_coreutils_32_O3_id.nucgt,65,96,28,124
icc_coreutils_32_O3_join.nucgt,65,115,26,141
icc_coreutils_32_O3_kill.nucgt,65,92,28,120
icc_coreutils_32_O3_link.nucgt,65,90,28,118
icc_coreutils_32_O3_ln.nucgt,65,156,37,193
icc_coreutils_32_O3_logname.nucgt,65,90,28,118
icc_coreutils_32_O3_ls.nucgt,67,235,39,274
icc_coreutils_32_O3_make-prime-list.nucgt,41,20,11,31
icc_coreutils_32_O3_md5sum.nucgt,65,102,30,132
icc_coreutils_32_O3_mkdir.nucgt,65,124,28,152
icc_coreutils_32_O3_mkfifo.nucgt,65,92,28,120
icc_coreutils_32_O3_mknod.nucgt,65,94,29,123
icc_coreutils_32_O3_mktemp.nucgt,65,115,30,145
icc_coreutils_32_O3_mv.nucgt,65,244,41,285
icc_coreutils_32_O3_nice.nucgt,65,90,28,118
icc_coreutils_32_O3_nl.nucgt,65,165,39,204
icc_coreutils_32_O3_nohup.nucgt,65,97,28,125
icc_coreutils_32_O3_nproc.nucgt,65,91,28,119
icc_coreutils_32_O3_numfmt.nucgt,65,120,29,149
icc_coreutils_32_O3_od.nucgt,65,137,28,165
icc_coreutils_32_O3_paste.nucgt,65,91,28,119
icc_coreutils_32_O3_pathchk.nucgt,65,90,28,118
icc_coreutils_32_O3_pinky.nucgt,65,103,28,131
icc_coreutils_32_O3_pr.nucgt,65,120,28,148
icc_coreutils_32_O3_printenv.nucgt,65,89,28,117
icc_coreutils_32_O3_printf.nucgt,65,111,28,139
icc_coreutils_32_O3_ptx.nucgt,65,194,43,237
icc_coreutils_32_O3_pwd.nucgt,65,93,33,126
icc_coreutils_32_O3_readlink.nucgt,65,131,36,167
icc_coreutils_32_O3_realpath.nucgt,65,154,36,190
icc_coreutils_32_O3_rm.nucgt,65,160,36,196
icc_coreutils_32_O3_rmdir.nucgt,65,106,28,134
icc_coreutils_32_O3_runcon.nucgt,65,92,28,120
icc_coreutils_32_O3_seq.nucgt,65,110,29,139
icc_coreutils_32_O3_setuidgid.nucgt,65,93,28,121
icc_coreutils_32_O3_sha1sum.nucgt,65,102,30,132
icc_coreutils_32_O3_sha224sum.nucgt,65,107,30,137
icc_coreutils_32_O3_sha256sum.nucgt,65,107,30,137
icc_coreutils_32_O3_sha384sum.nucgt,65,107,30,137
icc_coreutils_32_O3_sha512sum.nucgt,65,107,30,137
icc_coreutils_32_O3_shred.nucgt,65,129,34,163
icc_coreutils_32_O3_shuf.nucgt,65,143,31,174
icc_coreutils_32_O3_sleep.nucgt,65,94,28,122
icc_coreutils_32_O3_sort.nucgt,65,208,37,245
icc_coreutils_32_O3_split.nucgt,65,136,33,169
icc_coreutils_32_O3_stat.nucgt,65,143,35,178
icc_coreutils_32_O3_stdbuf.nucgt,65,139,33,172
icc_coreutils_32_O3_stty.nucgt,65,110,29,139
icc_coreutils_32_O3_sum.nucgt,65,106,34,140
icc_coreutils_32_O3_sync.nucgt,65,89,29,118
icc_coreutils_32_O3_tac.nucgt,65,160,41,201
icc_coreutils_32_O3_tail.nucgt,65,144,31,175
icc_coreutils_32_O3_tee.nucgt,65,93,29,122
icc_coreutils_32_O3_test.nucgt,65,88,26,114
icc_coreutils_32_O3_timeout.nucgt,65,119,34,153
icc_coreutils_32_O3_touch.nucgt,65,126,37,163
icc_coreutils_32_O3_tr.nucgt,65,104,28,132
icc_coreutils_32_O3_true.nucgt,65,81,27,108
icc_coreutils_32_O3_truncate.nucgt,65,115,34,149
icc_coreutils_32_O3_tsort.nucgt,65,100,28,128
icc_coreutils_32_O3_tty.nucgt,65,89,28,117
icc_coreutils_32_O3_uname.nucgt,65,89,28,117
icc_coreutils_32_O3_unexpand.nucgt,65,94,28,122
icc_coreutils_32_O3_uniq.nucgt,65,112,27,139
icc_coreutils_32_O3_unlink.nucgt,65,90,28,118
icc_coreutils_32_O3_uptime.nucgt,65,100,28,128
icc_coreutils_32_O3_users.nucgt,65,94,28,122
icc_coreutils_32_O3_vdir.nucgt,67,235,39,274
icc_coreutils_32_O3_wc.nucgt,65,109,28,137
icc_coreutils_32_O3_who.nucgt,65,119,29,148
icc_coreutils_32_O3_whoami.nucgt,65,90,28,118
icc_coreutils_32_O3_yes.nucgt,65,90,28,118
icc_coreutils_64_O0_[.nucgt,22,128,2,130
icc_coreutils_64_O0_base64.nucgt,1,122,1,123
icc_coreutils_64_O0_basename.nucgt,1,106,2,108
icc_coreutils_64_O0_cat.nucgt,1,142,1,143
icc_coreutils_64_O0_chcon.nucgt,4,223,3,226
icc_coreutils_64_O0_chgrp.nucgt,4,214,2,216
icc_coreutils_64_O0_chmod.nucgt,5,211,3,214
icc_coreutils_64_O0_chown.nucgt,4,216,2,218
icc_coreutils_64_O0_chroot.nucgt,1,108,3,111
icc_coreutils_64_O0_cksum.nucgt,2,107,3,110
icc_coreutils_64_O0_comm.nucgt,2,121,1,122
icc_coreutils_64_O0_cp.nucgt,6,355,1,356
icc_coreutils_64_O0_csplit.nucgt,8,314,3,317
icc_coreutils_64_O0_cut.nucgt,1,166,2,168
icc_coreutils_64_O0_date.nucgt,1,148,1,149
icc_coreutils_64_O0_dd.nucgt,3,166,1,167
icc_coreutils_64_O0_df.nucgt,5,281,2,283
icc_coreutils_64_O0_dir.nucgt,9,352,1,353
icc_coreutils_64_O0_dircolors.nucgt,1,110,1,111
icc_coreutils_64_O0_dirname.nucgt,1,102,2,104
icc_coreutils_64_O0_du.nucgt,4,322,1,323
icc_coreutils_64_O0_echo.nucgt,7,93,1,94
icc_coreutils_64_O0_env.nucgt,1,102,2,104
icc_coreutils_64_O0_expand.nucgt,1,110,2,112
icc_coreutils_64_O0_expr.nucgt,8,287,1,288
icc_coreutils_64_O0_factor.nucgt,3,189,2,191
icc_coreutils_64_O0_false.nucgt,1,89,3,92
icc_coreutils_64_O0_fmt.nucgt,1,124,2,126
icc_coreutils_64_O0_fold.nucgt,1,109,2,111
icc_coreutils_64_O0_getlimits.nucgt,2,130,1,131
icc_coreutils_64_O0_ginstall.nucgt,7,363,1,364
icc_coreutils_64_O0_groups.nucgt,1,108,2,110
icc_coreutils_64_O0_head.nucgt,1,126,1,127
icc_coreutils_64_O0_hostid.nucgt,2,101,2,103
icc_coreutils_64_O0_id.nucgt,1,112,2,114
icc_coreutils_64_O0_join.nucgt,2,144,2,146
icc_coreutils_64_O0_kill.nucgt,1,109,1,110
icc_coreutils_64_O0_link.nucgt,2,101,2,103
icc_coreutils_64_O0_ln.nucgt,2,197,2,199
icc_coreutils_64_O0_logname.nucgt,2,101,2,103
icc_coreutils_64_O0_ls.nucgt,9,352,1,353
icc_coreutils_64_O0_make-prime-list.nucgt,0,13,2,15
icc_coreutils_64_O0_md5sum.nucgt,2,126,2,128
icc_coreutils_64_O0_mkdir.nucgt,5,148,1,149
icc_coreutils_64_O0_mkfifo.nucgt,1,106,3,109
icc_coreutils_64_O0_mknod.nucgt,1,111,2,113
icc_coreutils_64_O0_mktemp.nucgt,2,138,1,139
icc_coreutils_64_O0_mv.nucgt,11,392,2,394
icc_coreutils_64_O0_nice.nucgt,1,107,1,108
icc_coreutils_64_O0_nl.nucgt,7,282,2,284
icc_coreutils_64_O0_nohup.nucgt,3,110,2,112
icc_coreutils_64_O0_nproc.nucgt,1,104,3,107
icc_coreutils_64_O0_numfmt.nucgt,25,169,1,170
icc_coreutils_64_O0_od.nucgt,5,170,2,172
icc_coreutils_64_O0_paste.nucgt,1,109,2,111
icc_coreutils_64_O0_pathchk.nucgt,1,106,2,108
icc_coreutils_64_O0_pinky.nucgt,1,122,2,124
icc_coreutils_64_O0_pr.nucgt,2,170,2,172
icc_coreutils_64_O0_printenv.nucgt,1,101,2,103
icc_coreutils_64_O0_printf.nucgt,4,135,1,136
icc_coreutils_64_O0_ptx.nucgt,7,324,2,326
icc_coreutils_64_O0_pwd.nucgt,1,117,1,118
icc_coreutils_64_O0_readlink.nucgt,1,163,2,165
icc_coreutils_64_O0_realpath.nucgt,1,197,1,198
icc_coreutils_64_O0_rm.nucgt,8,231,1,232
icc_coreutils_64_O0_rmdir.nucgt,4,129,2,131
icc_coreutils_64_O0_runcon.nucgt,1,104,3,107
icc_coreutils_64_O0_seq.nucgt,3,135,1,136
icc_coreutils_64_O0_setuidgid.nucgt,2,109,2,111
icc_coreutils_64_O0_sha1sum.nucgt,2,127,1,128
icc_coreutils_64_O0_sha224sum.nucgt,2,133,1,134
icc_coreutils_64_O0_sha256sum.nucgt,2,132,2,134
icc_coreutils_64_O0_sha384sum.nucgt,2,133,1,134
icc_coreutils_64_O0_sha512sum.nucgt,2,133,1,134
icc_coreutils_64_O0_shred.nucgt,3,162,2,164
icc_coreutils_64_O0_shuf.nucgt,2,195,1,196
icc_coreutils_64_O0_sleep.nucgt,2,109,1,110
icc_coreutils_64_O0_sort.nucgt,4,321,2,323
icc_coreutils_64_O0_split.nucgt,3,170,2,172
icc_coreutils_64_O0_stat.nucgt,5,197,2,199
icc_coreutils_64_O0_stdbuf.nucgt,3,167,2,169
icc_coreutils_64_O0_stty.nucgt,9,151,2,153
icc_coreutils_64_O0_sum.nucgt,1,122,3,125
icc_coreutils_64_O0_sync.nucgt,2,101,2,103
icc_coreutils_64_O0_tac.nucgt,8,279,1,280
icc_coreutils_64_O0_tail.nucgt,3,216,2,218
icc_coreutils_64_O0_tee.nucgt,2,109,2,111
icc_coreutils_64_O0_test.nucgt,22,128,2,130
icc_coreutils_64_O0_timeout.nucgt,1,145,1,146
icc_coreutils_64_O0_touch.nucgt,3,172,2,174
icc_coreutils_64_O0_tr.nucgt,1,144,2,146
icc_coreutils_64_O0_true.nucgt,1,89,3,92
icc_coreutils_64_O0_truncate.nucgt,1,138,1,139
icc_coreutils_64_O0_tsort.nucgt,2,120,1,121
icc_coreutils_64_O0_tty.nucgt,1,100,3,103
icc_coreutils_64_O0_uname.nucgt,1,102,2,104
icc_coreutils_64_O0_unexpand.nucgt,1,111,1,112
icc_coreutils_64_O0_uniq.nucgt,1,133,2,135
icc_coreutils_64_O0_unlink.nucgt,2,100,3,103
icc_coreutils_64_O0_uptime.nucgt,2,114,2,116
icc_coreutils_64_O0_users.nucgt,2,106,3,109
icc_coreutils_64_O0_vdir.nucgt,9,352,1,353
icc_coreutils_64_O0_wc.nucgt,1,130,1,131
icc_coreutils_64_O0_who.nucgt,3,147,2,149
icc_coreutils_64_O0_whoami.nucgt,2,100,3,103
icc_coreutils_64_O0_yes.nucgt,2,102,2,104
icc_coreutils_64_O1_[.nucgt,3,101,19,120
icc_coreutils_64_O1_base64.nucgt,3,101,18,119
icc_coreutils_64_O1_basename.nucgt,3,94,17,111
icc_coreutils_64_O1_cat.nucgt,3,117,17,134
icc_coreutils_64_O1_chcon.nucgt,6,186,19,205
icc_coreutils_64_O1_chgrp.nucgt,6,177,17,194
icc_coreutils_64_O1_chmod.nucgt,6,175,16,191
icc_coreutils_64_O1_chown.nucgt,6,179,17,196
icc_coreutils_64_O1_chroot.nucgt,3,96,18,114
icc_coreutils_64_O1_cksum.nucgt,4,94,18,112
icc_coreutils_64_O1_comm.nucgt,4,109,17,126
icc_coreutils_64_O1_cp.nucgt,7,273,26,299
icc_coreutils_64_O1_csplit.nucgt,4,237,19,256
icc_coreutils_64_O1_cut.nucgt,3,135,18,153
icc_coreutils_64_O1_date.nucgt,3,118,16,134
icc_coreutils_64_O1_dd.nucgt,5,137,14,151
icc_coreutils_64_O1_df.nucgt,6,222,17,239
icc_coreutils_64_O1_dir.nucgt,5,273,17,290
icc_coreutils_64_O1_dircolors.nucgt,3,96,17,113
icc_coreutils_64_O1_dirname.nucgt,3,91,18,109
icc_coreutils_64_O1_du.nucgt,6,256,16,272
icc_coreutils_64_O1_echo.nucgt,3,83,17,100
icc_coreutils_64_O1_env.nucgt,3,89,18,107
icc_coreutils_64_O1_expand.nucgt,3,95,18,113
icc_coreutils_64_O1_expr.nucgt,4,227,17,244
icc_coreutils_64_O1_factor.nucgt,4,158,19,177
icc_coreutils_64_O1_false.nucgt,3,80,19,99
icc_coreutils_64_O1_fmt.nucgt,3,107,18,125
icc_coreutils_64_O1_fold.nucgt,3,97,17,114
icc_coreutils_64_O1_getlimits.nucgt,4,112,17,129
icc_coreutils_64_O1_ginstall.nucgt,8,280,24,304
icc_coreutils_64_O1_groups.nucgt,3,96,18,114
icc_coreutils_64_O1_head.nucgt,3,105,17,122
icc_coreutils_64_O1_hostid.nucgt,4,90,18,108
icc_coreutils_64_O1_id.nucgt,3,98,18,116
icc_coreutils_64_O1_join.nucgt,4,126,17,143
icc_coreutils_64_O1_kill.nucgt,3,94,17,111
icc_coreutils_64_O1_link.nucgt,4,91,17,108
icc_coreutils_64_O1_ln.nucgt,4,167,17,184
icc_coreutils_64_O1_logname.nucgt,4,89,19,108
icc_coreutils_64_O1_ls.nucgt,5,273,17,290
icc_coreutils_64_O1_make-prime-list.nucgt,2,18,2,20
icc_coreutils_64_O1_md5sum.nucgt,4,104,19,123
icc_coreutils_64_O1_mkdir.nucgt,6,127,18,145
icc_coreutils_64_O1_mkfifo.nucgt,3,94,18,112
icc_coreutils_64_O1_mknod.nucgt,3,97,19,116
icc_coreutils_64_O1_mktemp.nucgt,4,114,19,133
icc_coreutils_64_O1_mv.nucgt,8,299,25,324
icc_coreutils_64_O1_nice.nucgt,3,91,19,110
icc_coreutils_64_O1_nl.nucgt,3,220,17,237
icc_coreutils_64_O1_nohup.nucgt,5,97,18,115
icc_coreutils_64_O1_nproc.nucgt,3,93,19,112
icc_coreutils_64_O1_numfmt.nucgt,4,137,15,152
icc_coreutils_64_O1_od.nucgt,5,144,17,161
icc_coreutils_64_O1_paste.nucgt,3,92,18,110
icc_coreutils_64_O1_pathchk.nucgt,3,94,16,110
icc_coreutils_64_O1_pinky.nucgt,3,100,19,119
icc_coreutils_64_O1_pr.nucgt,4,138,17,155
icc_coreutils_64_O1_printenv.nucgt,3,89,18,107
icc_coreutils_64_O1_printf.nucgt,5,112,18,130
icc_coreutils_64_O1_ptx.nucgt,3,253,19,272
icc_coreutils_64_O1_pwd.nucgt,3,101,17,118
icc_coreutils_64_O1_readlink.nucgt,3,140,18,158
icc_coreutils_64_O1_realpath.nucgt,3,166,17,183
icc_coreutils_64_O1_rm.nucgt,6,187,17,204
icc_coreutils_64_O1_rmdir.nucgt,4,108,18,126
icc_coreutils_64_O1_runcon.nucgt,3,89,22,111
icc_coreutils_64_O1_seq.nucgt,4,112,17,129
icc_coreutils_64_O1_setuidgid.nucgt,4,97,18,115
icc_coreutils_64_O1_sha1sum.nucgt,4,104,19,123
icc_coreutils_64_O1_sha224sum.nucgt,4,109,20,129
icc_coreutils_64_O1_sha256sum.nucgt,4,109,20,129
icc_coreutils_64_O1_sha384sum.nucgt,4,109,20,129
icc_coreutils_64_O1_sha512sum.nucgt,4,109,20,129
icc_coreutils_64_O1_shred.nucgt,5,137,17,154
icc_coreutils_64_O1_shuf.nucgt,4,155,19,174
icc_coreutils_64_O1_sleep.nucgt,4,95,18,113
icc_coreutils_64_O1_sort.nucgt,4,249,17,266
icc_coreutils_64_O1_split.nucgt,5,134,18,152
icc_coreutils_64_O1_stat.nucgt,6,152,21,173
icc_coreutils_64_O1_stdbuf.nucgt,4,136,19,155
icc_coreutils_64_O1_stty.nucgt,5,126,18,144
icc_coreutils_64_O1_sum.nucgt,3,109,16,125
icc_coreutils_64_O1_sync.nucgt,4,90,18,108
icc_coreutils_64_O1_tac.nucgt,4,213,18,231
icc_coreutils_64_O1_tail.nucgt,5,164,15,179
icc_coreutils_64_O1_tee.nucgt,4,94,18,112
icc_coreutils_64_O1_test.nucgt,2,97,18,115
icc_coreutils_64_O1_timeout.nucgt,3,119,18,137
icc_coreutils_64_O1_touch.nucgt,5,142,16,158
icc_coreutils_64_O1_tr.nucgt,3,113,17,130
icc_coreutils_64_O1_true.nucgt,3,81,18,99
icc_coreutils_64_O1_truncate.nucgt,3,115,17,132
icc_coreutils_64_O1_tsort.nucgt,4,105,17,122
icc_coreutils_64_O1_tty.nucgt,3,88,19,107
icc_coreutils_64_O1_uname.nucgt,3,90,18,108
icc_coreutils_64_O1_unexpand.nucgt,3,95,17,112
icc_coreutils_64_O1_uniq.nucgt,3,124,13,137
icc_coreutils_64_O1_unlink.nucgt,4,90,18,108
icc_coreutils_64_O1_uptime.nucgt,4,99,18,117
icc_coreutils_64_O1_users.nucgt,4,93,19,112
icc_coreutils_64_O1_vdir.nucgt,5,273,17,290
icc_coreutils_64_O1_wc.nucgt,3,113,17,130
icc_coreutils_64_O1_who.nucgt,4,114,20,134
icc_coreutils_64_O1_whoami.nucgt,4,89,19,108
icc_coreutils_64_O1_yes.nucgt,4,90,18,108
icc_coreutils_64_O2_[.nucgt,377,89,18,107
icc_coreutils_64_O2_base64.nucgt,606,99,22,121
icc_coreutils_64_O2_basename.nucgt,377,90,18,108
icc_coreutils_64_O2_cat.nucgt,606,114,25,139
icc_coreutils_64_O2_chcon.nucgt,610,158,24,182
icc_coreutils_64_O2_chgrp.nucgt,609,151,23,174
icc_coreutils_64_O2_chmod.nucgt,609,149,22,171
icc_coreutils_64_O2_chown.nucgt,609,152,23,175
icc_coreutils_64_O2_chroot.nucgt,378,91,18,109
icc_coreutils_64_O2_cksum.nucgt,378,93,18,111
icc_coreutils_64_O2_comm.nucgt,378,104,16,120
icc_coreutils_64_O2_cp.nucgt,611,251,30,281
icc_coreutils_64_O2_csplit.nucgt,607,168,23,191
icc_coreutils_64_O2_cut.nucgt,378,124,18,142
icc_coreutils_64_O2_date.nucgt,377,106,18,124
icc_coreutils_64_O2_dd.nucgt,608,118,23,141
icc_coreutils_64_O2_df.nucgt,610,195,27,222
icc_coreutils_64_O2_dir.nucgt,608,228,27,255
icc_coreutils_64_O2_dircolors.nucgt,377,92,18,110
icc_coreutils_64_O2_dirname.nucgt,377,88,19,107
icc_coreutils_64_O2_du.nucgt,609,213,25,238
icc_coreutils_64_O2_echo.nucgt,377,79,18,97
icc_coreutils_64_O2_env.nucgt,377,87,18,105
icc_coreutils_64_O2_expand.nucgt,378,91,18,109
icc_coreutils_64_O2_expr.nucgt,608,162,23,185
icc_coreutils_64_O2_factor.nucgt,607,144,25,169
icc_coreutils_64_O2_false.nucgt,377,79,18,97
icc_coreutils_64_O2_fmt.nucgt,377,94,18,112
icc_coreutils_64_O2_fold.nucgt,606,93,22,115
icc_coreutils_64_O2_getlimits.nucgt,607,110,25,135
icc_coreutils_64_O2_ginstall.nucgt,612,253,28,281
icc_coreutils_64_O2_groups.nucgt,377,92,18,110
icc_coreutils_64_O2_head.nucgt,377,94,18,112
icc_coreutils_64_O2_hostid.nucgt,378,88,18,106
icc_coreutils_64_O2_id.nucgt,377,92,18,110
icc_coreutils_64_O2_join.nucgt,379,113,16,129
icc_coreutils_64_O2_kill.nucgt,377,90,18,108
icc_coreutils_64_O2_link.nucgt,378,88,18,106
icc_coreutils_64_O2_ln.nucgt,608,152,25,177
icc_coreutils_64_O2_logname.nucgt,378,88,18,106
icc_coreutils_64_O2_ls.nucgt,608,228,27,255
icc_coreutils_64_O2_make-prime-list.nucgt,124,20,4,24
icc_coreutils_64_O2_md5sum.nucgt,378,99,18,117
icc_coreutils_64_O2_mkdir.nucgt,380,122,18,140
icc_coreutils_64_O2_mkfifo.nucgt,377,90,18,108
icc_coreutils_64_O2_mknod.nucgt,377,91,18,109
icc_coreutils_64_O2_mktemp.nucgt,379,111,19,130
icc_coreutils_64_O2_mv.nucgt,612,260,28,288
icc_coreutils_64_O2_nice.nucgt,377,88,18,106
icc_coreutils_64_O2_nl.nucgt,606,162,22,184
icc_coreutils_64_O2_nohup.nucgt,379,95,18,113
icc_coreutils_64_O2_nproc.nucgt,377,89,18,107
icc_coreutils_64_O2_numfmt.nucgt,379,116,19,135
icc_coreutils_64_O2_od.nucgt,379,132,18,150
icc_coreutils_64_O2_paste.nucgt,377,89,18,107
icc_coreutils_64_O2_pathchk.nucgt,378,89,17,106
icc_coreutils_64_O2_pinky.nucgt,377,99,18,117
icc_coreutils_64_O2_pr.nucgt,378,116,17,133
icc_coreutils_64_O2_printenv.nucgt,377,87,18,105
icc_coreutils_64_O2_printf.nucgt,379,109,18,127
icc_coreutils_64_O2_ptx.nucgt,606,191,24,215
icc_coreutils_64_O2_pwd.nucgt,606,91,23,114
icc_coreutils_64_O2_readlink.nucgt,607,128,24,152
icc_coreutils_64_O2_realpath.nucgt,607,150,25,175
icc_coreutils_64_O2_rm.nucgt,609,157,23,180
icc_coreutils_64_O2_rmdir.nucgt,378,104,18,122
icc_coreutils_64_O2_runcon.nucgt,377,90,18,108
icc_coreutils_64_O2_seq.nucgt,380,107,18,125
icc_coreutils_64_O2_setuidgid.nucgt,378,91,18,109
icc_coreutils_64_O2_sha1sum.nucgt,378,99,18,117
icc_coreutils_64_O2_sha224sum.nucgt,378,104,18,122
icc_coreutils_64_O2_sha256sum.nucgt,378,104,18,122
icc_coreutils_64_O2_sha384sum.nucgt,378,104,18,122
icc_coreutils_64_O2_sha512sum.nucgt,378,104,18,122
icc_coreutils_64_O2_shred.nucgt,608,122,24,146
icc_coreutils_64_O2_shuf.nucgt,378,139,18,157
icc_coreutils_64_O2_sleep.nucgt,378,93,18,111
icc_coreutils_64_O2_sort.nucgt,607,203,24,227
icc_coreutils_64_O2_split.nucgt,609,129,25,154
icc_coreutils_64_O2_stat.nucgt,610,139,24,163
icc_coreutils_64_O2_stdbuf.nucgt,608,134,25,159
icc_coreutils_64_O2_stty.nucgt,379,110,18,128
icc_coreutils_64_O2_sum.nucgt,606,101,24,125
icc_coreutils_64_O2_sync.nucgt,378,88,18,106
icc_coreutils_64_O2_tac.nucgt,607,157,24,181
icc_coreutils_64_O2_tail.nucgt,379,139,18,157
icc_coreutils_64_O2_tee.nucgt,378,92,18,110
icc_coreutils_64_O2_test.nucgt,376,84,18,102
icc_coreutils_64_O2_timeout.nucgt,606,115,25,140
icc_coreutils_64_O2_touch.nucgt,609,123,25,148
icc_coreutils_64_O2_tr.nucgt,377,100,18,118
icc_coreutils_64_O2_true.nucgt,377,79,18,97
icc_coreutils_64_O2_truncate.nucgt,606,109,25,134
icc_coreutils_64_O2_tsort.nucgt,378,98,18,116
icc_coreutils_64_O2_tty.nucgt,377,87,18,105
icc_coreutils_64_O2_uname.nucgt,377,87,18,105
icc_coreutils_64_O2_unexpand.nucgt,378,91,18,109
icc_coreutils_64_O2_uniq.nucgt,377,110,17,127
icc_coreutils_64_O2_unlink.nucgt,378,88,18,106
icc_coreutils_64_O2_uptime.nucgt,378,96,18,114
icc_coreutils_64_O2_users.nucgt,378,92,18,110
icc_coreutils_64_O2_vdir.nucgt,608,228,27,255
icc_coreutils_64_O2_wc.nucgt,377,105,18,123
icc_coreutils_64_O2_who.nucgt,378,115,18,133
icc_coreutils_64_O2_whoami.nucgt,378,88,18,106
icc_coreutils_64_O2_yes.nucgt,378,88,18,106
icc_coreutils_64_O3_[.nucgt,377,89,18,107
icc_coreutils_64_O3_base64.nucgt,606,99,22,121
icc_coreutils_64_O3_basename.nucgt,377,90,18,108
icc_coreutils_64_O3_cat.nucgt,606,114,25,139
icc_coreutils_64_O3_chcon.nucgt,610,158,24,182
icc_coreutils_64_O3_chgrp.nucgt,609,151,23,174
icc_coreutils_64_O3_chmod.nucgt,609,149,22,171
icc_coreutils_64_O3_chown.nucgt,609,152,23,175
icc_coreutils_64_O3_chroot.nucgt,378,91,18,109
icc_coreutils_64_O3_cksum.nucgt,378,93,18,111
icc_coreutils_64_O3_comm.nucgt,378,104,16,120
icc_coreutils_64_O3_cp.nucgt,611,251,30,281
icc_coreutils_64_O3_csplit.nucgt,607,168,23,191
icc_coreutils_64_O3_cut.nucgt,378,124,18,142
icc_coreutils_64_O3_date.nucgt,377,106,18,124
icc_coreutils_64_O3_dd.nucgt,608,118,23,141
icc_coreutils_64_O3_df.nucgt,610,195,27,222
icc_coreutils_64_O3_dir.nucgt,608,228,27,255
icc_coreutils_64_O3_dircolors.nucgt,377,92,18,110
icc_coreutils_64_O3_dirname.nucgt,377,88,19,107
icc_coreutils_64_O3_du.nucgt,609,213,25,238
icc_coreutils_64_O3_echo.nucgt,377,79,18,97
icc_coreutils_64_O3_env.nucgt,377,87,18,105
icc_coreutils_64_O3_expand.nucgt,378,91,18,109
icc_coreutils_64_O3_expr.nucgt,608,162,23,185
icc_coreutils_64_O3_factor.nucgt,607,144,25,169
icc_coreutils_64_O3_false.nucgt,377,79,18,97
icc_coreutils_64_O3_fmt.nucgt,377,94,18,112
icc_coreutils_64_O3_fold.nucgt,606,93,22,115
icc_coreutils_64_O3_getlimits.nucgt,607,110,25,135
icc_coreutils_64_O3_ginstall.nucgt,612,253,28,281
icc_coreutils_64_O3_groups.nucgt,377,92,18,110
icc_coreutils_64_O3_head.nucgt,377,94,18,112
icc_coreutils_64_O3_hostid.nucgt,378,88,18,106
icc_coreutils_64_O3_id.nucgt,377,92,18,110
icc_coreutils_64_O3_join.nucgt,379,113,16,129
icc_coreutils_64_O3_kill.nucgt,377,90,18,108
icc_coreutils_64_O3_link.nucgt,378,88,18,106
icc_coreutils_64_O3_ln.nucgt,608,152,25,177
icc_coreutils_64_O3_logname.nucgt,378,88,18,106
icc_coreutils_64_O3_ls.nucgt,608,228,27,255
icc_coreutils_64_O3_make-prime-list.nucgt,124,20,4,24
icc_coreutils_64_O3_md5sum.nucgt,378,99,18,117
icc_coreutils_64_O3_mkdir.nucgt,380,122,18,140
icc_coreutils_64_O3_mkfifo.nucgt,377,90,18,108
icc_coreutils_64_O3_mknod.nucgt,377,91,18,109
icc_coreutils_64_O3_mktemp.nucgt,379,111,19,130
icc_coreutils_64_O3_mv.nucgt,612,260,28,288
icc_coreutils_64_O3_nice.nucgt,377,88,18,106
icc_coreutils_64_O3_nl.nucgt,606,162,22,184
icc_coreutils_64_O3_nohup.nucgt,379,95,18,113
icc_coreutils_64_O3_nproc.nucgt,377,89,18,107
icc_coreutils_64_O3_numfmt.nucgt,379,116,19,135
icc_coreutils_64_O3_od.nucgt,379,132,18,150
icc_coreutils_64_O3_paste.nucgt,377,89,18,107
icc_coreutils_64_O3_pathchk.nucgt,378,89,17,106
icc_coreutils_64_O3_pinky.nucgt,377,99,18,117
icc_coreutils_64_O3_pr.nucgt,378,116,17,133
icc_coreutils_64_O3_printenv.nucgt,377,87,18,105
icc_coreutils_64_O3_printf.nucgt,379,109,18,127
icc_coreutils_64_O3_ptx.nucgt,606,191,24,215
icc_coreutils_64_O3_pwd.nucgt,606,91,23,114
icc_coreutils_64_O3_readlink.nucgt,607,128,24,152
icc_coreutils_64_O3_realpath.nucgt,607,150,25,175
icc_coreutils_64_O3_rm.nucgt,609,157,23,180
icc_coreutils_64_O3_rmdir.nucgt,378,104,18,122
icc_coreutils_64_O3_runcon.nucgt,377,90,18,108
icc_coreutils_64_O3_seq.nucgt,380,107,18,125
icc_coreutils_64_O3_setuidgid.nucgt,378,91,18,109
icc_coreutils_64_O3_sha1sum.nucgt,378,99,18,117
icc_coreutils_64_O3_sha224sum.nucgt,378,104,18,122
icc_coreutils_64_O3_sha256sum.nucgt,378,104,18,122
icc_coreutils_64_O3_sha384sum.nucgt,378,104,18,122
icc_coreutils_64_O3_sha512sum.nucgt,378,104,18,122
icc_coreutils_64_O3_shred.nucgt,608,122,24,146
icc_coreutils_64_O3_shuf.nucgt,378,139,18,157
icc_coreutils_64_O3_sleep.nucgt,378,93,18,111
icc_coreutils_64_O3_sort.nucgt,607,203,24,227
icc_coreutils_64_O3_split.nucgt,609,129,25,154
icc_coreutils_64_O3_stat.nucgt,610,139,24,163
icc_coreutils_64_O3_stdbuf.nucgt,608,134,25,159
icc_coreutils_64_O3_stty.nucgt,379,110,18,128
icc_coreutils_64_O3_sum.nucgt,606,101,24,125
icc_coreutils_64_O3_sync.nucgt,378,88,18,106
icc_coreutils_64_O3_tac.nucgt,607,157,24,181
icc_coreutils_64_O3_tail.nucgt,379,139,18,157
icc_coreutils_64_O3_tee.nucgt,378,92,18,110
icc_coreutils_64_O3_test.nucgt,376,84,18,102
icc_coreutils_64_O3_timeout.nucgt,606,115,25,140
icc_coreutils_64_O3_touch.nucgt,609,123,25,148
icc_coreutils_64_O3_tr.nucgt,377,100,18,118
icc_coreutils_64_O3_true.nucgt,377,79,18,97
icc_coreutils_64_O3_truncate.nucgt,606,109,25,134
icc_coreutils_64_O3_tsort.nucgt,378,98,18,116
icc_coreutils_64_O3_tty.nucgt,377,87,18,105
icc_coreutils_64_O3_uname.nucgt,377,87,18,105
icc_coreutils_64_O3_unexpand.nucgt,378,91,18,109
icc_coreutils_64_O3_uniq.nucgt,377,110,17,127
icc_coreutils_64_O3_unlink.nucgt,378,88,18,106
icc_coreutils_64_O3_uptime.nucgt,378,96,18,114
icc_coreutils_64_O3_users.nucgt,378,92,18,110
icc_coreutils_64_O3_vdir.nucgt,608,228,27,255
icc_coreutils_64_O3_wc.nucgt,377,105,18,123
icc_coreutils_64_O3_who.nucgt,378,115,18,133
icc_coreutils_64_O3_whoami.nucgt,378,88,18,106
icc_coreutils_64_O3_yes.nucgt,378,88,18,106
icc_findutils_32_O0_bigram.nucgt,0,44,1,45
icc_findutils_32_O0_code.nucgt,0,53,2,55
icc_findutils_32_O0_find.nucgt,27,524,8,532
icc_findutils_32_O0_frcode.nucgt,0,51,1,52
icc_findutils_32_O0_locate.nucgt,2,148,1,149
icc_findutils_32_O0_oldfind.nucgt,24,514,8,522
icc_findutils_32_O0_xargs.nucgt,10,87,1,88
icc_findutils_32_O1_bigram.nucgt,0,46,9,55
icc_findutils_32_O1_code.nucgt,0,53,10,63
icc_findutils_32_O1_find.nucgt,0,438,52,490
icc_findutils_32_O1_frcode.nucgt,0,51,9,60
icc_findutils_32_O1_locate.nucgt,0,121,16,137
icc_findutils_32_O1_oldfind.nucgt,0,437,54,491
icc_findutils_32_O1_xargs.nucgt,0,81,11,92
icc_findutils_32_O2_bigram.nucgt,65,51,22,73
icc_findutils_32_O2_code.nucgt,65,56,22,78
icc_findutils_32_O2_find.nucgt,65,380,43,423
icc_findutils_32_O2_frcode.nucgt,65,54,22,76
icc_findutils_32_O2_locate.nucgt,65,120,27,147
icc_findutils_32_O2_oldfind.nucgt,65,385,46,431
icc_findutils_32_O2_xargs.nucgt,65,81,23,104
icc_findutils_32_O3_bigram.nucgt,65,51,22,73
icc_findutils_32_O3_code.nucgt,65,56,22,78
icc_findutils_32_O3_find.nucgt,65,380,43,423
icc_findutils_32_O3_frcode.nucgt,65,54,22,76
icc_findutils_32_O3_locate.nucgt,65,120,27,147
icc_findutils_32_O3_oldfind.nucgt,65,385,46,431
icc_findutils_32_O3_xargs.nucgt,65,81,23,104
icc_findutils_64_O0_bigram.nucgt,0,44,1,45
icc_findutils_64_O0_code.nucgt,1,53,2,55
icc_findutils_64_O0_find.nucgt,36,680,8,688
icc_findutils_64_O0_frcode.nucgt,1,51,1,52
icc_findutils_64_O0_locate.nucgt,9,306,1,307
icc_findutils_64_O0_oldfind.nucgt,33,670,8,678
icc_findutils_64_O0_xargs.nucgt,11,87,1,88
icc_findutils_64_O1_bigram.nucgt,2,43,4,47
icc_findutils_64_O1_code.nucgt,3,51,4,55
icc_findutils_64_O1_find.nucgt,5,515,33,548
icc_findutils_64_O1_frcode.nucgt,3,48,4,52
icc_findutils_64_O1_locate.nucgt,3,223,3,226
icc_findutils_64_O1_oldfind.nucgt,5,515,33,548
icc_findutils_64_O1_xargs.nucgt,3,79,3,82
icc_findutils_64_O2_bigram.nucgt,376,51,12,63
icc_findutils_64_O2_code.nucgt,377,56,12,68
icc_findutils_64_O2_find.nucgt,610,441,20,461
icc_findutils_64_O2_frcode.nucgt,377,54,12,66
icc_findutils_64_O2_locate.nucgt,607,181,17,198
icc_findutils_64_O2_oldfind.nucgt,610,447,21,468
icc_findutils_64_O2_xargs.nucgt,377,80,13,93
icc_findutils_64_O3_bigram.nucgt,376,51,12,63
icc_findutils_64_O3_code.nucgt,377,56,12,68
icc_findutils_64_O3_find.nucgt,610,441,20,461
icc_findutils_64_O3_frcode.nucgt,377,54,12,66
icc_findutils_64_O3_locate.nucgt,607,181,17,198
icc_findutils_64_O3_oldfind.nucgt,610,447,21,468
icc_findutils_64_O3_xargs.nucgt,377,80,13,93
imagevalidate_511_base.icc_x64_O0-m64.nucgt,15,21,14,35
imagevalidate_511_base.icc_x64_O1-m64.nucgt,25,22,22,44
imagevalidate_511_base.icc_x64_O2-m64.nucgt,180,21,27,48
imagevalidate_511_base.icc_x64_O3-m64.nucgt,180,21,27,48
imagevalidate_511_base.icc_x86_O0-m32.nucgt,20,24,20,44
imagevalidate_511_base.icc_x86_O1-m32.nucgt,26,24,37,61
imagevalidate_511_base.icc_x86_O2-m32.nucgt,66,24,33,57
imagick_r_base.icc_x64_O0-m64.nucgt,257,2963,214,3177
imagick_r_base.icc_x64_O1-m64.nucgt,272,2255,312,2567
imagick_r_base.icc_x64_O2-m64.nucgt,987,2120,322,2442
imagick_r_base.icc_x64_O3-m64.nucgt,987,2119,323,2442
imagick_r_base.icc_x86_O0-m32.nucgt,230,2980,234,3214
imagick_r_base.icc_x86_O1-m32.nucgt,240,2392,645,3037
imagick_r_base.icc_x86_O2-m32.nucgt,742,2157,330,2487
imagick_r_base.icc_x86_O3-m32.nucgt,754,2156,331,2487
lbm_base.x32_O0_icc.nucgt,22,33,24,57
lbm_base.x32_O1_icc.nucgt,26,34,33,67
lbm_base.x32_O2_icc.nucgt,25,30,28,58
lbm_base.x32_O3_icc.nucgt,25,30,28,58
lbm_base.x64_O0_icc.nucgt,15,27,14,41
lbm_base.x64_O1_icc.nucgt,26,31,25,56
lbm_base.x64_O2_icc.nucgt,27,27,28,55
lbm_base.x64_O3_icc.nucgt,27,27,28,55
lbm_r_base.icc_x64_O0-m64.nucgt,15,28,14,42
lbm_r_base.icc_x64_O1-m64.nucgt,25,29,22,51
lbm_r_base.icc_x64_O2-m64.nucgt,26,25,10,35
lbm_r_base.icc_x64_O3-m64.nucgt,26,25,10,35
lbm_r_base.icc_x86_O0-m32.nucgt,20,31,20,51
lbm_r_base.icc_x86_O1-m32.nucgt,26,31,30,61
lbm_r_base.icc_x86_O2-m32.nucgt,11,27,10,37
lbm_r_base.icc_x86_O3-m32.nucgt,11,27,10,37
ldecod_r_base.icc_x64_O0-m64.nucgt,32,981,27,1008
ldecod_r_base.icc_x64_O1-m64.nucgt,46,742,37,779
ldecod_r_base.icc_x64_O2-m64.nucgt,458,662,74,736
ldecod_r_base.icc_x64_O3-m64.nucgt,458,662,74,736
ldecod_r_base.icc_x86_O0-m32.nucgt,27,984,27,1011
ldecod_r_base.icc_x86_O1-m32.nucgt,41,751,255,1006
ldecod_r_base.icc_x86_O2-m32.nucgt,184,669,81,750
ldecod_r_base.icc_x86_O3-m32.nucgt,170,669,81,750
leela_r_base.icc_x64_O0-m64.nucgt,17,1726,1,1727
leela_r_base.icc_x64_O1-m64.nucgt,91,503,48,551
leela_r_base.icc_x64_O2-m64.nucgt,697,407,54,461
leela_r_base.icc_x64_O3-m64.nucgt,697,407,54,461
leela_r_base.icc_x86_O0-m32.nucgt,15,1723,2,1725
leela_r_base.icc_x86_O1-m32.nucgt,93,564,148,712
leela_r_base.icc_x86_O2-m32.nucgt,140,433,71,504
leela_r_base.icc_x86_O3-m32.nucgt,140,433,71,504
leslie3d_base.x32_O0_icc.nucgt,555,96,522,618
leslie3d_base.x32_O1_icc.nucgt,449,95,421,516
leslie3d_base.x32_O2_icc.nucgt,449,100,418,518
leslie3d_base.x32_O3_icc.nucgt,449,100,418,518
leslie3d_base.x64_O0_icc.nucgt,1143,67,480,547
leslie3d_base.x64_O1_icc.nucgt,1084,67,430,497
leslie3d_base.x64_O2_icc.nucgt,1084,72,430,502
leslie3d_base.x64_O3_icc.nucgt,1084,72,430,502
libquantum_base.x32_O0_icc.nucgt,61,130,61,191
libquantum_base.x32_O1_icc.nucgt,69,107,103,210
libquantum_base.x32_O2_icc.nucgt,20,109,24,133
libquantum_base.x32_O3_icc.nucgt,20,109,24,133
libquantum_base.x64_O0_icc.nucgt,62,127,46,173
libquantum_base.x64_O1_icc.nucgt,70,103,57,160
libquantum_base.x64_O2_icc.nucgt,64,106,50,156
libquantum_base.x64_O3_icc.nucgt,64,105,51,156
mcf_base.x32_O0_icc.nucgt,1,32,1,33
mcf_base.x32_O1_icc.nucgt,9,37,17,54
mcf_base.x32_O2_icc.nucgt,10,39,14,53
mcf_base.x32_O3_icc.nucgt,10,39,14,53
mcf_base.x64_O0_icc.nucgt,0,30,1,31
mcf_base.x64_O1_icc.nucgt,11,34,12,46
mcf_base.x64_O2_icc.nucgt,12,33,14,47
mcf_base.x64_O3_icc.nucgt,12,33,14,47
mcf_r_base.icc_x64_O0-m64.nucgt,0,46,1,47
mcf_r_base.icc_x64_O1-m64.nucgt,10,47,9,56
mcf_r_base.icc_x64_O2-m64.nucgt,27,45,11,56
mcf_r_base.icc_x64_O3-m64.nucgt,27,45,11,56
mcf_r_base.icc_x86_O0-m32.nucgt,1,50,1,51
mcf_r_base.icc_x86_O1-m32.nucgt,13,51,25,76
mcf_r_base.icc_x86_O2-m32.nucgt,16,50,17,67
mcf_r_base.icc_x86_O3-m32.nucgt,16,50,17,67
milc_base.x32_O0_icc.nucgt,33,248,33,281
milc_base.x32_O1_icc.nucgt,40,246,109,355
milc_base.x32_O2_icc.nucgt,105,248,52,300
milc_base.x32_O3_icc.nucgt,105,248,52,300
milc_base.x64_O0_icc.nucgt,33,246,30,276
milc_base.x64_O1_icc.nucgt,45,241,40,281
milc_base.x64_O2_icc.nucgt,460,244,61,305
milc_base.x64_O3_icc.nucgt,459,244,61,305
nab_r_base.icc_x64_O0-m64.nucgt,77,347,62,409
nab_r_base.icc_x64_O1-m64.nucgt,85,273,75,348
nab_r_base.icc_x64_O2-m64.nucgt,748,231,99,330
nab_r_base.icc_x64_O3-m64.nucgt,748,231,99,330
nab_r_base.icc_x86_O0-m32.nucgt,75,352,75,427
nab_r_base.icc_x86_O1-m32.nucgt,81,278,125,403
nab_r_base.icc_x86_O2-m32.nucgt,143,233,89,322
nab_r_base.icc_x86_O3-m32.nucgt,139,234,88,322
namd_base.x32_O0_icc.nucgt,58,165,61,226
namd_base.x32_O1_icc.nucgt,65,122,83,205
namd_base.x32_O2_icc.nucgt,80,118,55,173
namd_base.x32_O3_icc.nucgt,80,118,55,173
namd_base.x64_O0_icc.nucgt,55,163,47,210
namd_base.x64_O1_icc.nucgt,65,118,52,170
namd_base.x64_O2_icc.nucgt,348,115,74,189
namd_base.x64_O3_icc.nucgt,348,115,74,189
namd_r_base.icc_x64_O0-m64.nucgt,72,234,59,293
namd_r_base.icc_x64_O1-m64.nucgt,83,173,66,239
namd_r_base.icc_x64_O2-m64.nucgt,504,152,77,229
namd_r_base.icc_x64_O3-m64.nucgt,504,151,78,229
namd_r_base.icc_x86_O0-m32.nucgt,73,238,71,309
namd_r_base.icc_x86_O1-m32.nucgt,81,178,94,272
namd_r_base.icc_x86_O2-m32.nucgt,122,155,58,213
namd_r_base.icc_x86_O3-m32.nucgt,122,155,58,213
omnetpp_base.x32_O0_icc.nucgt,136,2973,135,3108
omnetpp_base.x32_O1_icc.nucgt,600,1903,994,2897
omnetpp_base.x32_O2_icc.nucgt,753,2175,310,2485
omnetpp_base.x32_O3_icc.nucgt,753,2172,313,2485
omnetpp_base.x64_O0_icc.nucgt,183,2954,132,3086
omnetpp_base.x64_O1_icc.nucgt,657,1846,543,2389
omnetpp_base.x64_O2_icc.nucgt,1347,2178,218,2396
omnetpp_base.x64_O3_icc.nucgt,1346,2182,214,2396
omnetpp_r_base.icc_x64_O0-m64.nucgt,272,12763,255,13018
omnetpp_r_base.icc_x64_O1-m64.nucgt,1873,6212,1510,7722
omnetpp_r_base.icc_x64_O2-m64.nucgt,2677,6688,592,7280
omnetpp_r_base.icc_x64_O3-m64.nucgt,2683,6687,593,7280
omnetpp_r_base.icc_x86_O0-m32.nucgt,220,12782,259,13041
omnetpp_r_base.icc_x86_O1-m32.nucgt,1903,6435,2785,9220
omnetpp_r_base.icc_x86_O2-m32.nucgt,2934,6816,865,7681
omnetpp_r_base.icc_x86_O3-m32.nucgt,2937,6837,845,7682
parest_r_base.icc_x64_O0-m64.nucgt,934,61450,412,61862
parest_r_base.icc_x64_O1-m64.nucgt,6501,23075,2996,26071
parest_r_base.icc_x64_O2-m64.nucgt,5837,20975,1388,22363
parest_r_base.icc_x64_O3-m64.nucgt,5845,20974,1389,22363
parest_r_base.icc_x86_O0-m32.nucgt,923,61399,430,61829
parest_r_base.icc_x86_O1-m32.nucgt,6246,24569,2575,27144
parest_r_base.icc_x86_O2-m32.nucgt,4893,21293,1177,22470
parest_r_base.icc_x86_O3-m32.nucgt,4992,21271,1197,22468
perlbench_base.x32_O0_icc.nucgt,114,1875,118,1993
perlbench_base.x32_O1_icc.nucgt,119,1750,544,2294
perlbench_base.x32_O2_icc.nucgt,432,1752,198,1950
perlbench_base.x32_O3_icc.nucgt,431,1752,198,1950
perlbench_base.x64_O0_icc.nucgt,144,1879,102,1981
perlbench_base.x64_O1_icc.nucgt,152,1748,153,1901
perlbench_base.x64_O2_icc.nucgt,810,1737,144,1881
perlbench_base.x64_O3_icc.nucgt,809,1737,144,1881
perlbench_r_base.icc_x64_O0-m64.nucgt,160,3030,115,3145
perlbench_r_base.icc_x64_O1-m64.nucgt,171,2718,170,2888
perlbench_r_base.icc_x64_O2-m64.nucgt,810,2523,165,2688
perlbench_r_base.icc_x64_O3-m64.nucgt,811,2524,164,2688
perlbench_r_base.icc_x86_O0-m32.nucgt,123,3037,127,3164
perlbench_r_base.icc_x86_O1-m32.nucgt,135,2744,645,3389
perlbench_r_base.icc_x86_O2-m32.nucgt,463,2543,303,2846
perlbench_r_base.icc_x86_O3-m32.nucgt,444,2544,302,2846
povray_base.x32_O0_icc.nucgt,196,2110,192,2302
povray_base.x32_O1_icc.nucgt,246,1655,724,2379
povray_base.x32_O2_icc.nucgt,469,1645,430,2075
povray_base.x32_O3_icc.nucgt,469,1645,430,2075
povray_base.x64_O0_icc.nucgt,255,2107,189,2296
povray_base.x64_O1_icc.nucgt,303,1645,315,1960
povray_base.x64_O2_icc.nucgt,994,1626,319,1945
povray_base.x64_O3_icc.nucgt,990,1626,319,1945
povray_r_base.icc_x64_O0-m64.nucgt,209,2111,156,2267
povray_r_base.icc_x64_O1-m64.nucgt,276,1646,292,1938
povray_r_base.icc_x64_O2-m64.nucgt,969,1634,269,1903
povray_r_base.icc_x64_O3-m64.nucgt,969,1634,269,1903
povray_r_base.icc_x86_O0-m32.nucgt,165,2118,162,2280
povray_r_base.icc_x86_O1-m32.nucgt,233,1656,705,2361
povray_r_base.icc_x86_O2-m32.nucgt,458,1655,398,2053
roms_r_base.icc_x64_O0-m64.nucgt,1198,516,541,1057
roms_r_base.icc_x64_O1-m64.nucgt,1201,514,545,1059
roms_r_base.icc_x64_O2-m64.nucgt,1214,519,540,1059
roms_r_base.icc_x64_O3-m64.nucgt,1213,519,540,1059
roms_r_base.icc_x86_O0-m32.nucgt,601,550,582,1132
roms_r_base.icc_x86_O1-m32.nucgt,546,545,591,1136
roms_r_base.icc_x86_O2-m32.nucgt,572,552,529,1081
roms_r_base.icc_x86_O3-m32.nucgt,572,552,529,1081
sgcc_base.icc_x64_O0-m64.nucgt,87,26783,53,26836
sgcc_base.icc_x64_O1-m64.nucgt,169,15294,205,15499
sgcc_base.icc_x64_O2-m64.nucgt,801,12616,704,13320
sgcc_base.icc_x64_O3-m64.nucgt,801,12616,704,13320
sjeng_base.x32_O0_icc.nucgt,1,152,1,153
sjeng_base.x32_O1_icc.nucgt,9,153,51,204
sjeng_base.x32_O2_icc.nucgt,78,145,47,192
sjeng_base.x32_O3_icc.nucgt,78,145,47,192
sjeng_base.x64_O0_icc.nucgt,0,150,1,151
sjeng_base.x64_O1_icc.nucgt,11,150,14,164
sjeng_base.x64_O2_icc.nucgt,164,142,28,170
sjeng_base.x64_O3_icc.nucgt,164,142,28,170
soplex_base.x32_O0_icc.nucgt,33,1569,37,1606
soplex_base.x32_O1_icc.nucgt,111,953,319,1272
soplex_base.x32_O2_icc.nucgt,198,916,101,1017
soplex_base.x32_O3_icc.nucgt,198,915,102,1017
soplex_base.x64_O0_icc.nucgt,32,1567,34,1601
soplex_base.x64_O1_icc.nucgt,113,910,128,1038
soplex_base.x64_O2_icc.nucgt,509,912,91,1003
soplex_base.x64_O3_icc.nucgt,510,908,95,1003
specrand_base.x32_O0_icc.nucgt,1,11,1,12
specrand_base.x32_O1_icc.nucgt,9,16,12,28
specrand_base.x32_O2_icc.nucgt,9,16,12,28
specrand_base.x32_O3_icc.nucgt,9,16,12,28
specrand_base.x64_O0_icc.nucgt,0,9,1,10
specrand_base.x64_O1_icc.nucgt,11,13,12,25
specrand_base.x64_O2_icc.nucgt,11,13,12,25
specrand_base.x64_O3_icc.nucgt,11,13,12,25
specrand_fr_base.icc_x64_O0-m64.nucgt,0,19,1,20
specrand_fr_base.icc_x64_O1-m64.nucgt,10,20,9,29
specrand_fr_base.icc_x64_O2-m64.nucgt,26,20,10,30
specrand_fr_base.icc_x64_O3-m64.nucgt,26,20,10,30
specrand_fr_base.icc_x86_O0-m32.nucgt,1,21,1,22
specrand_fr_base.icc_x86_O1-m32.nucgt,9,22,11,33
specrand_fr_base.icc_x86_O2-m32.nucgt,11,22,10,32
specrand_fr_base.icc_x86_O3-m32.nucgt,11,22,10,32
speed_bwaves_base.icc_x64_O0-m64.nucgt,1043,43,379,422
speed_bwaves_base.icc_x64_O1-m64.nucgt,1043,43,379,422
speed_bwaves_base.icc_x64_O2-m64.nucgt,1046,43,382,425
speed_bwaves_base.icc_x64_O3-m64.nucgt,1046,43,382,425
speed_pop2_base.icc_x64_O0-m64.nucgt,1463,3985,585,4570
speed_pop2_base.icc_x64_O1-m64.nucgt,1464,3680,728,4408
speed_pop2_base.icc_x64_O2-m64.nucgt,1583,3704,711,4415
speed_pop2_base.icc_x64_O3-m64.nucgt,1583,3704,711,4415
sphinx_livepretend_base.x32_O0_icc.nucgt,80,382,80,462
sphinx_livepretend_base.x32_O1_icc.nucgt,85,343,144,487
sphinx_livepretend_base.x32_O2_icc.nucgt,147,325,93,418
sphinx_livepretend_base.x32_O3_icc.nucgt,147,325,93,418
sphinx_livepretend_base.x64_O0_icc.nucgt,94,381,64,445
sphinx_livepretend_base.x64_O1_icc.nucgt,100,340,73,413
sphinx_livepretend_base.x64_O2_icc.nucgt,534,320,121,441
sphinx_livepretend_base.x64_O3_icc.nucgt,534,320,121,441
sroms_base.icc_x64_O0-m64.nucgt,1225,516,541,1057
sroms_base.icc_x64_O1-m64.nucgt,1228,514,545,1059
sroms_base.icc_x64_O2-m64.nucgt,1242,519,540,1059
sroms_base.icc_x64_O3-m64.nucgt,1241,519,540,1059
tonto_base.x32_O0_icc.nucgt,707,4242,673,4915
tonto_base.x32_O1_icc.nucgt,633,4140,2985,7125
tonto_base.x32_O2_icc.nucgt,652,4253,1285,5538
tonto_base.x32_O3_icc.nucgt,652,4253,1283,5536
tonto_base.x64_O0_icc.nucgt,1293,4212,608,4820
tonto_base.x64_O1_icc.nucgt,1296,4093,727,4820
tonto_base.x64_O2_icc.nucgt,1328,4219,698,4917
tonto_base.x64_O3_icc.nucgt,1327,4219,698,4917
wrf_base.x32_O0_icc.nucgt,641,3234,600,3834
wrf_base.x32_O1_icc.nucgt,567,2983,1101,4084
wrf_base.x32_O2_icc.nucgt,900,2925,972,3897
wrf_base.x32_O3_icc.nucgt,896,2925,967,3892
wrf_base.x64_O0_icc.nucgt,1272,3205,571,3776
wrf_base.x64_O1_icc.nucgt,1284,2927,703,3630
wrf_base.x64_O2_icc.nucgt,1418,2862,846,3708
wrf_base.x64_O3_icc.nucgt,1413,2862,841,3703
wrf_r_base.icc_x64_O0-m64.nucgt,1461,7878,751,8629
wrf_r_base.icc_x64_O1-m64.nucgt,1466,7695,808,8503
wrf_r_base.icc_x64_O2-m64.nucgt,1695,7635,963,8598
wrf_r_base.icc_x64_O3-m64.nucgt,1757,7635,975,8610
wrf_r_base.icc_x86_O0-m32.nucgt,857,7913,834,8747
wrf_r_base.icc_x86_O1-m32.nucgt,779,7731,2612,10343
wrf_r_base.icc_x86_O2-m32.nucgt,1572,7736,1643,9379
wrf_r_base.icc_x86_O3-m32.nucgt,1631,7736,1650,9386
x264_r_base.icc_x64_O0-m64.nucgt,117,844,99,943
x264_r_base.icc_x64_O1-m64.nucgt,125,602,141,743
x264_r_base.icc_x64_O2-m64.nucgt,818,543,162,705
x264_r_base.icc_x64_O3-m64.nucgt,818,543,162,705
x264_r_base.icc_x86_O0-m32.nucgt,102,846,102,948
x264_r_base.icc_x86_O1-m32.nucgt,112,656,169,825
x264_r_base.icc_x86_O2-m32.nucgt,233,549,123,672
x264_r_base.icc_x86_O3-m32.nucgt,220,551,121,672
Xalan_base.x32_O0_icc.nucgt,358,31745,831,32576
Xalan_base.x32_O1_icc.nucgt,2449,14554,6359,20913
Xalan_base.x32_O2_icc.nucgt,2773,14391,2284,16675
Xalan_base.x32_O3_icc.nucgt,2795,14391,2285,16676
Xalan_base.x64_O0_icc.nucgt,384,31684,833,32517
Xalan_base.x64_O1_icc.nucgt,2573,13762,3441,17203
Xalan_base.x64_O2_icc.nucgt,3270,14057,1899,15956
Xalan_base.x64_O3_icc.nucgt,3271,14065,1891,15956
xz_r_base.icc_x64_O0-m64.nucgt,5,547,2,549
xz_r_base.icc_x64_O1-m64.nucgt,18,401,37,438
xz_r_base.icc_x64_O2-m64.nucgt,682,349,60,409
xz_r_base.icc_x64_O3-m64.nucgt,682,349,60,409
xz_r_base.icc_x86_O0-m32.nucgt,1,553,1,554
xz_r_base.icc_x86_O1-m32.nucgt,13,430,60,490
xz_r_base.icc_x86_O2-m32.nucgt,113,360,60,420
xz_r_base.icc_x86_O3-m32.nucgt,113,360,60,420
zeusmp_base.x32_O0_icc.nucgt,540,173,504,677
zeusmp_base.x32_O1_icc.nucgt,507,173,475,648
zeusmp_base.x32_O2_icc.nucgt,440,172,407,579
zeusmp_base.x32_O3_icc.nucgt,440,172,407,579
zeusmp_base.x64_O0_icc.nucgt,1130,145,462,607
zeusmp_base.x64_O1_icc.nucgt,1121,144,454,598
zeusmp_base.x64_O2_icc.nucgt,1061,143,399,542
zeusmp_base.x64_O3_icc.nucgt,1061,143,399,542
