name,FP,TP,FN,Total
astar_base.x32_O0_icc.newgt,1,225,0,225
astar_base.x32_O1_icc.newgt,1,207,0,207
astar_base.x32_O2_icc.newgt,68,146,0,146
astar_base.x32_O3_icc.newgt,68,146,0,146
astar_base.x64_O0_icc.newgt,14,197,14,211
astar_base.x64_O1_icc.newgt,15,130,18,148
astar_base.x64_O2_icc.newgt,10,128,25,153
astar_base.x64_O3_icc.newgt,10,128,25,153
blender_r_base.icc_x64_O0-m64.newgt,67,50728,47,50775
blender_r_base.icc_x64_O1-m64.newgt,80,21295,19870,41165
blender_r_base.icc_x64_O2-m64.newgt,130,18752,18989,37741
blender_r_base.icc_x64_O3-m64.newgt,132,18826,18918,37744
blender_r_base.icc_x86_O0-m32.newgt,67,30784,20047,50831
blender_r_base.icc_x86_O1-m32.newgt,1,19541,25528,45069
blender_r_base.icc_x86_O2-m32.newgt,1347,13407,24743,38150
blender_r_base.icc_x86_O3-m32.newgt,1349,13411,24742,38153
bwaves_base.x32_O0_icc.newgt,71,474,0,474
bwaves_base.x32_O1_icc.newgt,71,457,0,457
bwaves_base.x32_O2_icc.newgt,71,474,0,474
bwaves_base.x32_O3_icc.newgt,71,474,0,474
bwaves_base.x64_O0_icc.newgt,278,393,36,429
bwaves_base.x64_O1_icc.newgt,278,392,37,429
bwaves_base.x64_O2_icc.newgt,284,404,41,445
bwaves_base.x64_O3_icc.newgt,284,404,41,445
bwaves_r_base.icc_x64_O0-m64.newgt,284,384,38,422
bwaves_r_base.icc_x64_O1-m64.newgt,284,384,38,422
bwaves_r_base.icc_x64_O2-m64.newgt,285,387,38,425
bwaves_r_base.icc_x64_O3-m64.newgt,285,387,38,425
bwaves_r_base.icc_x86_O0-m32.newgt,1350,258,210,468
bwaves_r_base.icc_x86_O1-m32.newgt,1350,248,203,451
bwaves_r_base.icc_x86_O2-m32.newgt,1350,251,203,454
bwaves_r_base.icc_x86_O3-m32.newgt,1350,251,203,454
bzip2_base.x32_O0_icc.newgt,3,109,0,109
bzip2_base.x32_O1_icc.newgt,1,126,0,126
bzip2_base.x32_O2_icc.newgt,68,115,0,115
bzip2_base.x32_O3_icc.newgt,68,115,0,115
bzip2_base.x64_O0_icc.newgt,0,107,0,107
bzip2_base.x64_O1_icc.newgt,1,88,15,103
bzip2_base.x64_O2_icc.newgt,4,90,20,110
bzip2_base.x64_O3_icc.newgt,4,89,21,110
cactusADM_base.x32_O0_icc.newgt,73,1960,0,1960
cactusADM_base.x32_O1_icc.newgt,71,2147,0,2147
cactusADM_base.x32_O2_icc.newgt,71,1807,0,1807
cactusADM_base.x32_O3_icc.newgt,71,1807,0,1807
cactusADM_base.x64_O0_icc.newgt,316,1848,51,1899
cactusADM_base.x64_O1_icc.newgt,319,1398,428,1826
cactusADM_base.x64_O2_icc.newgt,339,1386,441,1827
cactusADM_base.x64_O3_icc.newgt,340,1387,440,1827
cactusBSSN_r_base.icc_x64_O0-m64.newgt,78,3678,83,3761
cactusBSSN_r_base.icc_x64_O1-m64.newgt,78,2468,711,3179
cactusBSSN_r_base.icc_x64_O2-m64.newgt,131,2388,742,3130
cactusBSSN_r_base.icc_x64_O3-m64.newgt,131,2388,742,3130
cactusBSSN_r_base.icc_x86_O0-m32.newgt,54,2847,984,3831
cactusBSSN_r_base.icc_x86_O1-m32.newgt,1,2088,1564,3652
cactusBSSN_r_base.icc_x86_O2-m32.newgt,1347,1641,1501,3142
cactusBSSN_r_base.icc_x86_O3-m32.newgt,1347,1649,1493,3142
calculix_base.x32_O0_icc.newgt,73,2011,0,2011
calculix_base.x32_O1_icc.newgt,71,2179,0,2179
calculix_base.x32_O2_icc.newgt,71,1894,0,1894
calculix_base.x32_O3_icc.newgt,71,1894,0,1894
calculix_base.x64_O0_icc.newgt,368,1886,63,1949
calculix_base.x64_O1_icc.newgt,350,1555,323,1878
calculix_base.x64_O2_icc.newgt,363,1518,361,1879
calculix_base.x64_O3_icc.newgt,363,1521,358,1879
cam4_r_base.icc_x64_O0-m64.newgt,438,5493,78,5571
cam4_r_base.icc_x64_O1-m64.newgt,447,4762,636,5398
cam4_r_base.icc_x64_O2-m64.newgt,463,4667,759,5426
cam4_r_base.icc_x64_O3-m64.newgt,462,4663,762,5425
cam4_r_base.icc_x86_O0-m32.newgt,1383,3815,1835,5650
cam4_r_base.icc_x86_O1-m32.newgt,1350,3749,2819,6568
cam4_r_base.icc_x86_O2-m32.newgt,1351,3144,2679,5823
cam4_r_base.icc_x86_O3-m32.newgt,1370,3143,2678,5821
cam4_validate_527_base.icc_x64_O0-m64.newgt,296,1398,30,1428
cam4_validate_527_base.icc_x64_O1-m64.newgt,296,1161,113,1274
cam4_validate_527_base.icc_x64_O2-m64.newgt,299,1017,182,1199
cam4_validate_527_base.icc_x64_O3-m64.newgt,299,1017,182,1199
cam4_validate_527_base.icc_x86_O0-m32.newgt,1350,993,484,1477
cam4_validate_527_base.icc_x86_O1-m32.newgt,1350,844,620,1464
cam4_validate_527_base.icc_x86_O2-m32.newgt,1350,669,618,1287
cam4_validate_527_base.icc_x86_O3-m32.newgt,1350,669,618,1287
cpugcc_r_base.icc_x64_O0-m64.newgt,10,26826,10,26836
cpugcc_r_base.icc_x64_O1-m64.newgt,18,12797,2131,14928
cpugcc_r_base.icc_x64_O2-m64.newgt,49,10220,2359,12579
cpugcc_r_base.icc_x64_O3-m64.newgt,51,10249,2330,12579
cpugcc_r_base.icc_x86_O0-m32.newgt,219,23962,2880,26842
cpugcc_r_base.icc_x86_O1-m32.newgt,8,13289,4456,17745
cpugcc_r_base.icc_x86_O2-m32.newgt,1375,8742,4714,13456
cpugcc_r_base.icc_x86_O3-m32.newgt,1376,8738,4718,13456
cpuxalan_r_base.icc_x64_O0-m64.newgt,35,32440,33,32473
cpuxalan_r_base.icc_x64_O1-m64.newgt,38,14546,2728,17274
cpuxalan_r_base.icc_x64_O2-m64.newgt,46,13348,2714,16062
cpuxalan_r_base.icc_x64_O3-m64.newgt,45,13348,2714,16062
cpuxalan_r_base.icc_x86_O0-m32.newgt,32,31935,600,32535
cpuxalan_r_base.icc_x86_O1-m32.newgt,1,16254,5368,21622
cpuxalan_r_base.icc_x86_O2-m32.newgt,1349,13214,3650,16864
cpuxalan_r_base.icc_x86_O3-m32.newgt,1349,13218,3646,16864
dealII_base.x32_O0_icc.newgt,340,21357,0,21357
dealII_base.x32_O1_icc.newgt,1,10520,0,10520
dealII_base.x32_O2_icc.newgt,68,9088,1,9089
dealII_base.x32_O3_icc.newgt,68,9089,0,9089
dealII_base.x64_O0_icc.newgt,44,21342,28,21370
dealII_base.x64_O1_icc.newgt,45,6424,3713,10137
dealII_base.x64_O2_icc.newgt,79,5318,3805,9123
dealII_base.x64_O3_icc.newgt,80,5327,3796,9123
deepsjeng_r_base.icc_x64_O0-m64.newgt,0,132,0,132
deepsjeng_r_base.icc_x64_O1-m64.newgt,1,119,9,128
deepsjeng_r_base.icc_x64_O2-m64.newgt,5,136,13,149
deepsjeng_r_base.icc_x64_O3-m64.newgt,5,135,14,149
deepsjeng_r_base.icc_x86_O0-m32.newgt,1,131,4,135
deepsjeng_r_base.icc_x86_O1-m32.newgt,1,133,30,163
deepsjeng_r_base.icc_x86_O2-m32.newgt,533,125,38,163
deepsjeng_r_base.icc_x86_O3-m32.newgt,533,125,38,163
diffwrf_521_base.icc_x64_O0-m64.newgt,485,7245,85,7330
diffwrf_521_base.icc_x64_O1-m64.newgt,484,4150,3063,7213
diffwrf_521_base.icc_x64_O2-m64.newgt,520,3915,3358,7273
diffwrf_521_base.icc_x64_O3-m64.newgt,525,3911,3374,7285
diffwrf_521_base.icc_x86_O0-m32.newgt,1362,3285,4156,7441
diffwrf_521_base.icc_x86_O1-m32.newgt,1350,3179,5331,8510
diffwrf_521_base.icc_x86_O2-m32.newgt,1355,2516,5333,7849
diffwrf_521_base.icc_x86_O3-m32.newgt,1356,2515,5340,7855
exchange2_r_base.icc_x64_O0-m64.newgt,294,393,30,423
exchange2_r_base.icc_x64_O1-m64.newgt,285,384,29,413
exchange2_r_base.icc_x64_O2-m64.newgt,285,384,29,413
exchange2_r_base.icc_x64_O3-m64.newgt,285,384,29,413
exchange2_r_base.icc_x86_O0-m32.newgt,1350,262,209,471
exchange2_r_base.icc_x86_O1-m32.newgt,1343,260,206,466
exchange2_r_base.icc_x86_O2-m32.newgt,1343,259,206,465
exchange2_r_base.icc_x86_O3-m32.newgt,1343,257,208,465
fotonik3d_r_base.icc_x64_O0-m64.newgt,328,547,43,590
fotonik3d_r_base.icc_x64_O1-m64.newgt,329,552,39,591
fotonik3d_r_base.icc_x64_O2-m64.newgt,345,574,52,626
fotonik3d_r_base.icc_x64_O3-m64.newgt,345,572,54,626
fotonik3d_r_base.icc_x86_O0-m32.newgt,1350,376,277,653
fotonik3d_r_base.icc_x86_O1-m32.newgt,1350,359,275,634
fotonik3d_r_base.icc_x86_O2-m32.newgt,1350,386,282,668
fotonik3d_r_base.icc_x86_O3-m32.newgt,1350,389,279,668
gamess_base.x32_O0_icc.newgt,71,3484,0,3484
gamess_base.x32_O1_icc.newgt,71,5385,0,5385
gamess_base.x32_O2_icc.newgt,72,4448,0,4448
gamess_base.x32_O3_icc.newgt,72,4453,0,4453
gamess_base.x64_O0_icc.newgt,370,3372,51,3423
gamess_base.x64_O1_icc.newgt,373,3363,61,3424
gamess_base.x64_O2_icc.newgt,393,3230,419,3649
gamess_base.x64_O3_icc.newgt,393,3235,414,3649
gcc_base.x32_O0_icc.newgt,105,5626,0,5626
gcc_base.x32_O1_icc.newgt,7,5735,0,5735
gcc_base.x32_O2_icc.newgt,78,4792,0,4792
gcc_base.x32_O3_icc.newgt,78,4792,0,4792
gcc_base.x64_O0_icc.newgt,2,5619,1,5620
gcc_base.x64_O1_icc.newgt,4,4089,775,4864
gcc_base.x64_O2_icc.newgt,11,3529,907,4436
gcc_base.x64_O3_icc.newgt,12,3530,906,4436
GemsFDTD_base.x32_O0_icc.newgt,71,749,0,749
GemsFDTD_base.x32_O1_icc.newgt,73,733,0,733
GemsFDTD_base.x32_O2_icc.newgt,72,721,0,721
GemsFDTD_base.x32_O3_icc.newgt,72,728,0,728
GemsFDTD_base.x64_O0_icc.newgt,366,631,43,674
GemsFDTD_base.x64_O1_icc.newgt,367,621,48,669
GemsFDTD_base.x64_O2_icc.newgt,355,627,61,688
GemsFDTD_base.x64_O3_icc.newgt,355,631,65,696
gobmk_base.x32_O0_icc.newgt,1,2732,0,2732
gobmk_base.x32_O1_icc.newgt,1,2716,0,2716
gobmk_base.x32_O2_icc.newgt,68,2556,0,2556
gobmk_base.x32_O3_icc.newgt,68,2557,0,2557
gobmk_base.x64_O0_icc.newgt,6,2716,14,2730
gobmk_base.x64_O1_icc.newgt,7,1558,1041,2599
gobmk_base.x64_O2_icc.newgt,16,1403,1158,2561
gobmk_base.x64_O3_icc.newgt,17,1403,1158,2561
gromacs_base.x32_O0_icc.newgt,7,1656,0,1656
gromacs_base.x32_O1_icc.newgt,1,1570,0,1570
gromacs_base.x32_O2_icc.newgt,69,1149,0,1149
gromacs_base.x32_O3_icc.newgt,69,1149,0,1149
gromacs_base.x64_O0_icc.newgt,34,1619,17,1636
gromacs_base.x64_O1_icc.newgt,34,1196,140,1336
gromacs_base.x64_O2_icc.newgt,58,896,265,1161
gromacs_base.x64_O3_icc.newgt,57,900,261,1161
h264ref_base.x32_O0_icc.newgt,2,662,0,662
h264ref_base.x32_O1_icc.newgt,1,784,0,784
h264ref_base.x32_O2_icc.newgt,68,648,0,648
h264ref_base.x32_O3_icc.newgt,68,648,0,648
h264ref_base.x64_O0_icc.newgt,17,642,14,656
h264ref_base.x64_O1_icc.newgt,18,566,37,603
h264ref_base.x64_O2_icc.newgt,27,503,129,632
h264ref_base.x64_O3_icc.newgt,27,504,128,632
hmmer_base.x32_O0_icc.newgt,7,603,0,603
hmmer_base.x32_O1_icc.newgt,1,656,0,656
hmmer_base.x32_O2_icc.newgt,69,611,0,611
hmmer_base.x32_O3_icc.newgt,69,611,0,611
hmmer_base.x64_O0_icc.newgt,14,585,13,598
hmmer_base.x64_O1_icc.newgt,15,465,99,564
hmmer_base.x64_O2_icc.newgt,38,478,153,631
hmmer_base.x64_O3_icc.newgt,38,479,152,631
icc_binutils_32_O0_addr2line.newgt,135,1689,0,1689
icc_binutils_32_O0_ar.newgt,136,1771,0,1771
icc_binutils_32_O0_as-new.newgt,223,2438,0,2438
icc_binutils_32_O0_cxxfilt.newgt,135,1687,0,1687
icc_binutils_32_O0_elfedit.newgt,0,58,0,58
icc_binutils_32_O0_gprof.newgt,135,1782,0,1782
icc_binutils_32_O0_ld-new.newgt,169,2256,0,2256
icc_binutils_32_O0_nm-new.newgt,135,1721,0,1721
icc_binutils_32_O0_objcopy.newgt,299,2029,0,2029
icc_binutils_32_O0_objdump.newgt,301,2259,0,2259
icc_binutils_32_O0_ranlib.newgt,136,1771,0,1771
icc_binutils_32_O0_readelf.newgt,12,362,0,362
icc_binutils_32_O0_size.newgt,135,1702,0,1702
icc_binutils_32_O0_strings.newgt,135,1689,0,1689
icc_binutils_32_O0_strip-new.newgt,299,2029,0,2029
icc_binutils_32_O0_sysinfo.newgt,2,46,0,46
icc_binutils_32_O1_addr2line.newgt,0,1660,0,1660
icc_binutils_32_O1_ar.newgt,0,1745,0,1745
icc_binutils_32_O1_as-new.newgt,0,2406,0,2406
icc_binutils_32_O1_cxxfilt.newgt,0,1658,0,1658
icc_binutils_32_O1_elfedit.newgt,0,68,0,68
icc_binutils_32_O1_gprof.newgt,0,1734,0,1734
icc_binutils_32_O1_ld-new.newgt,0,2194,0,2194
icc_binutils_32_O1_nm-new.newgt,0,1688,0,1688
icc_binutils_32_O1_objcopy.newgt,0,1964,0,1964
icc_binutils_32_O1_objdump.newgt,0,2192,0,2192
icc_binutils_32_O1_ranlib.newgt,0,1745,0,1745
icc_binutils_32_O1_readelf.newgt,0,262,0,262
icc_binutils_32_O1_size.newgt,0,1673,0,1673
icc_binutils_32_O1_strings.newgt,0,1661,0,1661
icc_binutils_32_O1_strip-new.newgt,0,1964,0,1964
icc_binutils_32_O1_sysinfo.newgt,0,57,0,57
icc_binutils_32_O2_addr2line.newgt,0,1376,0,1376
icc_binutils_32_O2_ar.newgt,0,1449,0,1449
icc_binutils_32_O2_as-new.newgt,0,1966,0,1966
icc_binutils_32_O2_cxxfilt.newgt,0,1374,0,1374
icc_binutils_32_O2_elfedit.newgt,0,77,0,77
icc_binutils_32_O2_gprof.newgt,0,1431,0,1431
icc_binutils_32_O2_ld-new.newgt,0,1830,0,1830
icc_binutils_32_O2_nm-new.newgt,0,1399,0,1399
icc_binutils_32_O2_objcopy.newgt,0,1635,0,1635
icc_binutils_32_O2_objdump.newgt,0,1832,0,1832
icc_binutils_32_O2_ranlib.newgt,0,1449,0,1449
icc_binutils_32_O2_readelf.newgt,0,265,0,265
icc_binutils_32_O2_size.newgt,0,1385,0,1385
icc_binutils_32_O2_strings.newgt,0,1377,0,1377
icc_binutils_32_O2_strip-new.newgt,0,1635,0,1635
icc_binutils_32_O2_sysinfo.newgt,0,58,0,58
icc_binutils_32_O3_addr2line.newgt,0,1376,0,1376
icc_binutils_32_O3_ar.newgt,0,1449,0,1449
icc_binutils_32_O3_as-new.newgt,0,1966,0,1966
icc_binutils_32_O3_cxxfilt.newgt,0,1374,0,1374
icc_binutils_32_O3_elfedit.newgt,0,77,0,77
icc_binutils_32_O3_gprof.newgt,0,1431,0,1431
icc_binutils_32_O3_ld-new.newgt,0,1830,0,1830
icc_binutils_32_O3_nm-new.newgt,0,1399,0,1399
icc_binutils_32_O3_objcopy.newgt,0,1635,0,1635
icc_binutils_32_O3_objdump.newgt,0,1832,0,1832
icc_binutils_32_O3_ranlib.newgt,0,1449,0,1449
icc_binutils_32_O3_readelf.newgt,0,265,0,265
icc_binutils_32_O3_size.newgt,0,1385,0,1385
icc_binutils_32_O3_strings.newgt,0,1377,0,1377
icc_binutils_32_O3_strip-new.newgt,0,1635,0,1635
icc_binutils_32_O3_sysinfo.newgt,0,58,0,58
icc_binutils_64_O0_addr2line.newgt,25,1681,0,1681
icc_binutils_64_O0_ar.newgt,26,1762,1,1763
icc_binutils_64_O0_as-new.newgt,32,2430,0,2430
icc_binutils_64_O0_cxxfilt.newgt,25,1679,0,1679
icc_binutils_64_O0_elfedit.newgt,0,54,1,55
icc_binutils_64_O0_gprof.newgt,25,1774,0,1774
icc_binutils_64_O0_ld-new.newgt,37,2247,1,2248
icc_binutils_64_O0_nm-new.newgt,25,1713,0,1713
icc_binutils_64_O0_objcopy.newgt,84,2021,0,2021
icc_binutils_64_O0_objdump.newgt,83,2251,0,2251
icc_binutils_64_O0_ranlib.newgt,26,1762,1,1763
icc_binutils_64_O0_readelf.newgt,0,356,0,356
icc_binutils_64_O0_size.newgt,25,1694,0,1694
icc_binutils_64_O0_strings.newgt,25,1681,0,1681
icc_binutils_64_O0_strip-new.newgt,84,2021,0,2021
icc_binutils_64_O0_sysinfo.newgt,2,45,1,46
icc_binutils_64_O1_addr2line.newgt,0,1063,384,1447
icc_binutils_64_O1_ar.newgt,0,1123,397,1520
icc_binutils_64_O1_as-new.newgt,0,1598,488,2086
icc_binutils_64_O1_cxxfilt.newgt,0,1057,388,1445
icc_binutils_64_O1_elfedit.newgt,0,50,6,56
icc_binutils_64_O1_gprof.newgt,0,1132,383,1515
icc_binutils_64_O1_ld-new.newgt,1,1553,375,1928
icc_binutils_64_O1_nm-new.newgt,0,1091,383,1474
icc_binutils_64_O1_objcopy.newgt,0,1362,380,1742
icc_binutils_64_O1_objdump.newgt,0,1511,442,1953
icc_binutils_64_O1_ranlib.newgt,0,1123,397,1520
icc_binutils_64_O1_readelf.newgt,0,231,11,242
icc_binutils_64_O1_size.newgt,0,1069,390,1459
icc_binutils_64_O1_strings.newgt,0,1060,388,1448
icc_binutils_64_O1_strip-new.newgt,0,1362,380,1742
icc_binutils_64_O1_sysinfo.newgt,0,34,14,48
icc_binutils_64_O2_addr2line.newgt,0,862,447,1309
icc_binutils_64_O2_ar.newgt,0,917,457,1374
icc_binutils_64_O2_as-new.newgt,0,1308,553,1861
icc_binutils_64_O2_cxxfilt.newgt,0,871,436,1307
icc_binutils_64_O2_elfedit.newgt,0,53,20,73
icc_binutils_64_O2_gprof.newgt,0,949,413,1362
icc_binutils_64_O2_ld-new.newgt,0,1306,434,1740
icc_binutils_64_O2_nm-new.newgt,0,882,449,1331
icc_binutils_64_O2_objcopy.newgt,1,1126,438,1564
icc_binutils_64_O2_objdump.newgt,0,1254,505,1759
icc_binutils_64_O2_ranlib.newgt,0,909,465,1374
icc_binutils_64_O2_readelf.newgt,0,217,33,250
icc_binutils_64_O2_size.newgt,0,866,452,1318
icc_binutils_64_O2_strings.newgt,0,866,444,1310
icc_binutils_64_O2_strip-new.newgt,1,1126,438,1564
icc_binutils_64_O2_sysinfo.newgt,0,29,24,53
icc_binutils_64_O3_addr2line.newgt,0,863,446,1309
icc_binutils_64_O3_ar.newgt,0,951,423,1374
icc_binutils_64_O3_as-new.newgt,0,1317,544,1861
icc_binutils_64_O3_cxxfilt.newgt,0,865,442,1307
icc_binutils_64_O3_elfedit.newgt,0,53,20,73
icc_binutils_64_O3_gprof.newgt,1,921,441,1362
icc_binutils_64_O3_ld-new.newgt,0,1300,440,1740
icc_binutils_64_O3_nm-new.newgt,0,887,444,1331
icc_binutils_64_O3_objcopy.newgt,0,1128,436,1564
icc_binutils_64_O3_objdump.newgt,0,1301,458,1759
icc_binutils_64_O3_ranlib.newgt,0,942,432,1374
icc_binutils_64_O3_readelf.newgt,0,217,33,250
icc_binutils_64_O3_size.newgt,0,868,450,1318
icc_binutils_64_O3_strings.newgt,0,868,442,1310
icc_binutils_64_O3_strip-new.newgt,0,1128,436,1564
icc_binutils_64_O3_sysinfo.newgt,0,29,24,53
icc_coreutils_32_O0_[.newgt,146,132,0,132
icc_coreutils_32_O0_base64.newgt,124,125,0,125
icc_coreutils_32_O0_basename.newgt,124,108,0,108
icc_coreutils_32_O0_cat.newgt,124,143,0,143
icc_coreutils_32_O0_chcon.newgt,124,229,0,229
icc_coreutils_32_O0_chgrp.newgt,124,220,0,220
icc_coreutils_32_O0_chmod.newgt,124,217,0,217
icc_coreutils_32_O0_chown.newgt,124,222,0,222
icc_coreutils_32_O0_chroot.newgt,124,113,0,113
icc_coreutils_32_O0_cksum.newgt,124,113,0,113
icc_coreutils_32_O0_comm.newgt,124,122,0,122
icc_coreutils_32_O0_cp.newgt,124,333,0,333
icc_coreutils_32_O0_csplit.newgt,125,322,0,322
icc_coreutils_32_O0_cut.newgt,124,170,0,170
icc_coreutils_32_O0_date.newgt,124,151,0,151
icc_coreutils_32_O0_dd.newgt,124,173,0,173
icc_coreutils_32_O0_df.newgt,124,288,0,288
icc_coreutils_32_O0_dir.newgt,124,360,0,360
icc_coreutils_32_O0_dircolors.newgt,124,111,0,111
icc_coreutils_32_O0_dirname.newgt,124,104,0,104
icc_coreutils_32_O0_du.newgt,124,330,0,330
icc_coreutils_32_O0_echo.newgt,136,94,0,94
icc_coreutils_32_O0_env.newgt,124,104,0,104
icc_coreutils_32_O0_expand.newgt,124,114,0,114
icc_coreutils_32_O0_expr.newgt,125,290,0,290
icc_coreutils_32_O0_factor.newgt,124,197,0,197
icc_coreutils_32_O0_false.newgt,124,92,0,92
icc_coreutils_32_O0_fmt.newgt,124,126,0,126
icc_coreutils_32_O0_fold.newgt,124,111,0,111
icc_coreutils_32_O0_getlimits.newgt,124,131,0,131
icc_coreutils_32_O0_ginstall.newgt,132,359,0,359
icc_coreutils_32_O0_groups.newgt,124,112,0,112
icc_coreutils_32_O0_head.newgt,124,132,0,132
icc_coreutils_32_O0_hostid.newgt,124,103,0,103
icc_coreutils_32_O0_id.newgt,124,116,0,116
icc_coreutils_32_O0_join.newgt,124,146,0,146
icc_coreutils_32_O0_kill.newgt,124,110,0,110
icc_coreutils_32_O0_link.newgt,124,103,0,103
icc_coreutils_32_O0_ln.newgt,124,202,0,202
icc_coreutils_32_O0_logname.newgt,124,103,0,103
icc_coreutils_32_O0_ls.newgt,124,360,0,360
icc_coreutils_32_O0_make-prime-list.newgt,0,17,0,17
icc_coreutils_32_O0_md5sum.newgt,124,129,0,129
icc_coreutils_32_O0_mkdir.newgt,132,149,0,149
icc_coreutils_32_O0_mkfifo.newgt,124,109,0,109
icc_coreutils_32_O0_mknod.newgt,124,115,0,115
icc_coreutils_32_O0_mktemp.newgt,124,142,0,142
icc_coreutils_32_O0_mv.newgt,136,371,0,371
icc_coreutils_32_O0_nice.newgt,124,108,0,108
icc_coreutils_32_O0_nl.newgt,125,287,0,287
icc_coreutils_32_O0_nohup.newgt,124,112,0,112
icc_coreutils_32_O0_nproc.newgt,124,107,0,107
icc_coreutils_32_O0_numfmt.newgt,124,172,0,172
icc_coreutils_32_O0_od.newgt,137,176,0,176
icc_coreutils_32_O0_paste.newgt,124,111,0,111
icc_coreutils_32_O0_pathchk.newgt,124,108,0,108
icc_coreutils_32_O0_pinky.newgt,124,126,0,126
icc_coreutils_32_O0_pr.newgt,124,174,0,174
icc_coreutils_32_O0_printenv.newgt,124,103,0,103
icc_coreutils_32_O0_printf.newgt,141,136,0,136
icc_coreutils_32_O0_ptx.newgt,125,327,0,327
icc_coreutils_32_O0_pwd.newgt,124,118,0,118
icc_coreutils_32_O0_readlink.newgt,124,168,0,168
icc_coreutils_32_O0_realpath.newgt,124,201,0,201
icc_coreutils_32_O0_rm.newgt,136,235,0,235
icc_coreutils_32_O0_rmdir.newgt,124,131,0,131
icc_coreutils_32_O0_runcon.newgt,124,107,0,107
icc_coreutils_32_O0_seq.newgt,124,136,0,136
icc_coreutils_32_O0_setuidgid.newgt,124,111,0,111
icc_coreutils_32_O0_sha1sum.newgt,124,129,0,129
icc_coreutils_32_O0_sha224sum.newgt,124,135,0,135
icc_coreutils_32_O0_sha256sum.newgt,124,135,0,135
icc_coreutils_32_O0_sha384sum.newgt,124,137,0,137
icc_coreutils_32_O0_sha512sum.newgt,124,137,0,137
icc_coreutils_32_O0_shred.newgt,124,170,0,170
icc_coreutils_32_O0_shuf.newgt,124,200,0,200
icc_coreutils_32_O0_sleep.newgt,124,109,0,109
icc_coreutils_32_O0_sort.newgt,124,327,0,327
icc_coreutils_32_O0_split.newgt,125,175,0,175
icc_coreutils_32_O0_stat.newgt,156,202,0,202
icc_coreutils_32_O0_stdbuf.newgt,124,171,0,171
icc_coreutils_32_O0_stty.newgt,124,153,0,153
icc_coreutils_32_O0_sum.newgt,124,129,0,129
icc_coreutils_32_O0_sync.newgt,124,103,0,103
icc_coreutils_32_O0_tac.newgt,125,282,0,282
icc_coreutils_32_O0_tail.newgt,124,223,0,223
icc_coreutils_32_O0_tee.newgt,124,111,0,111
icc_coreutils_32_O0_test.newgt,146,132,0,132
icc_coreutils_32_O0_timeout.newgt,124,146,0,146
icc_coreutils_32_O0_touch.newgt,124,174,0,174
icc_coreutils_32_O0_tr.newgt,125,148,0,148
icc_coreutils_32_O0_true.newgt,124,92,0,92
icc_coreutils_32_O0_truncate.newgt,124,142,0,142
icc_coreutils_32_O0_tsort.newgt,124,121,0,121
icc_coreutils_32_O0_tty.newgt,124,103,0,103
icc_coreutils_32_O0_uname.newgt,124,104,0,104
icc_coreutils_32_O0_unexpand.newgt,124,114,0,114
icc_coreutils_32_O0_uniq.newgt,124,135,0,135
icc_coreutils_32_O0_unlink.newgt,124,103,0,103
icc_coreutils_32_O0_uptime.newgt,124,117,0,117
icc_coreutils_32_O0_users.newgt,124,109,0,109
icc_coreutils_32_O0_vdir.newgt,124,360,0,360
icc_coreutils_32_O0_wc.newgt,124,133,0,133
icc_coreutils_32_O0_who.newgt,124,151,0,151
icc_coreutils_32_O0_whoami.newgt,124,103,0,103
icc_coreutils_32_O0_yes.newgt,124,104,0,104
icc_coreutils_32_O1_[.newgt,0,141,0,141
icc_coreutils_32_O1_base64.newgt,0,144,0,144
icc_coreutils_32_O1_basename.newgt,0,132,0,132
icc_coreutils_32_O1_cat.newgt,0,158,0,158
icc_coreutils_32_O1_chcon.newgt,0,230,0,230
icc_coreutils_32_O1_chgrp.newgt,0,222,0,222
icc_coreutils_32_O1_chmod.newgt,0,217,0,217
icc_coreutils_32_O1_chown.newgt,0,224,0,224
icc_coreutils_32_O1_chroot.newgt,0,137,0,137
icc_coreutils_32_O1_cksum.newgt,0,136,0,136
icc_coreutils_32_O1_comm.newgt,0,149,0,149
icc_coreutils_32_O1_cp.newgt,0,316,0,316
icc_coreutils_32_O1_csplit.newgt,0,281,0,281
icc_coreutils_32_O1_cut.newgt,0,178,0,178
icc_coreutils_32_O1_date.newgt,0,162,0,162
icc_coreutils_32_O1_dd.newgt,0,179,0,179
icc_coreutils_32_O1_df.newgt,0,272,0,272
icc_coreutils_32_O1_dir.newgt,0,329,0,329
icc_coreutils_32_O1_dircolors.newgt,0,134,0,134
icc_coreutils_32_O1_dirname.newgt,0,131,0,131
icc_coreutils_32_O1_du.newgt,0,306,0,306
icc_coreutils_32_O1_echo.newgt,0,119,0,119
icc_coreutils_32_O1_env.newgt,0,128,0,128
icc_coreutils_32_O1_expand.newgt,0,136,0,136
icc_coreutils_32_O1_expr.newgt,0,266,0,266
icc_coreutils_32_O1_factor.newgt,0,203,0,203
icc_coreutils_32_O1_false.newgt,0,118,0,118
icc_coreutils_32_O1_fmt.newgt,0,147,0,147
icc_coreutils_32_O1_fold.newgt,0,136,0,136
icc_coreutils_32_O1_getlimits.newgt,0,150,0,150
icc_coreutils_32_O1_ginstall.newgt,0,335,0,335
icc_coreutils_32_O1_groups.newgt,0,137,0,137
icc_coreutils_32_O1_head.newgt,0,147,0,147
icc_coreutils_32_O1_hostid.newgt,0,129,0,129
icc_coreutils_32_O1_id.newgt,0,139,0,139
icc_coreutils_32_O1_join.newgt,0,166,0,166
icc_coreutils_32_O1_kill.newgt,0,132,0,132
icc_coreutils_32_O1_link.newgt,0,129,0,129
icc_coreutils_32_O1_ln.newgt,0,214,0,214
icc_coreutils_32_O1_logname.newgt,0,129,0,129
icc_coreutils_32_O1_ls.newgt,0,329,0,329
icc_coreutils_32_O1_make-prime-list.newgt,0,20,0,20
icc_coreutils_32_O1_md5sum.newgt,0,151,0,151
icc_coreutils_32_O1_mkdir.newgt,0,168,0,168
icc_coreutils_32_O1_mkfifo.newgt,0,133,0,133
icc_coreutils_32_O1_mknod.newgt,0,138,0,138
icc_coreutils_32_O1_mktemp.newgt,0,159,0,159
icc_coreutils_32_O1_mv.newgt,0,340,0,340
icc_coreutils_32_O1_nice.newgt,0,131,0,131
icc_coreutils_32_O1_nl.newgt,0,262,0,262
icc_coreutils_32_O1_nohup.newgt,0,136,0,136
icc_coreutils_32_O1_nproc.newgt,0,133,0,133
icc_coreutils_32_O1_numfmt.newgt,0,178,0,178
icc_coreutils_32_O1_od.newgt,0,187,0,187
icc_coreutils_32_O1_paste.newgt,0,132,0,132
icc_coreutils_32_O1_pathchk.newgt,0,131,0,131
icc_coreutils_32_O1_pinky.newgt,0,144,0,144
icc_coreutils_32_O1_pr.newgt,0,179,0,179
icc_coreutils_32_O1_printenv.newgt,0,128,0,128
icc_coreutils_32_O1_printf.newgt,0,152,0,152
icc_coreutils_32_O1_ptx.newgt,0,300,0,300
icc_coreutils_32_O1_pwd.newgt,0,139,0,139
icc_coreutils_32_O1_readlink.newgt,0,184,0,184
icc_coreutils_32_O1_realpath.newgt,0,210,0,210
icc_coreutils_32_O1_rm.newgt,0,232,0,232
icc_coreutils_32_O1_rmdir.newgt,0,147,0,147
icc_coreutils_32_O1_runcon.newgt,0,132,0,132
icc_coreutils_32_O1_seq.newgt,0,150,0,150
icc_coreutils_32_O1_setuidgid.newgt,0,136,0,136
icc_coreutils_32_O1_sha1sum.newgt,0,151,0,151
icc_coreutils_32_O1_sha224sum.newgt,0,160,0,160
icc_coreutils_32_O1_sha256sum.newgt,0,160,0,160
icc_coreutils_32_O1_sha384sum.newgt,0,160,0,160
icc_coreutils_32_O1_sha512sum.newgt,0,160,0,160
icc_coreutils_32_O1_shred.newgt,0,185,0,185
icc_coreutils_32_O1_shuf.newgt,0,204,0,204
icc_coreutils_32_O1_sleep.newgt,0,133,0,133
icc_coreutils_32_O1_sort.newgt,0,301,0,301
icc_coreutils_32_O1_split.newgt,0,176,0,176
icc_coreutils_32_O1_stat.newgt,0,198,0,198
icc_coreutils_32_O1_stdbuf.newgt,0,179,0,179
icc_coreutils_32_O1_stty.newgt,0,165,0,165
icc_coreutils_32_O1_sum.newgt,0,152,0,152
icc_coreutils_32_O1_sync.newgt,0,129,0,129
icc_coreutils_32_O1_tac.newgt,0,254,0,254
icc_coreutils_32_O1_tail.newgt,0,209,0,209
icc_coreutils_32_O1_tee.newgt,0,134,0,134
icc_coreutils_32_O1_test.newgt,0,135,0,135
icc_coreutils_32_O1_timeout.newgt,0,159,0,159
icc_coreutils_32_O1_touch.newgt,0,185,0,185
icc_coreutils_32_O1_tr.newgt,0,154,0,154
icc_coreutils_32_O1_true.newgt,0,118,0,118
icc_coreutils_32_O1_truncate.newgt,0,156,0,156
icc_coreutils_32_O1_tsort.newgt,0,146,0,146
icc_coreutils_32_O1_tty.newgt,0,128,0,128
icc_coreutils_32_O1_uname.newgt,0,129,0,129
icc_coreutils_32_O1_unexpand.newgt,0,135,0,135
icc_coreutils_32_O1_uniq.newgt,0,163,0,163
icc_coreutils_32_O1_unlink.newgt,0,129,0,129
icc_coreutils_32_O1_uptime.newgt,0,139,0,139
icc_coreutils_32_O1_users.newgt,0,133,0,133
icc_coreutils_32_O1_vdir.newgt,0,329,0,329
icc_coreutils_32_O1_wc.newgt,0,154,0,154
icc_coreutils_32_O1_who.newgt,0,159,0,159
icc_coreutils_32_O1_whoami.newgt,0,129,0,129
icc_coreutils_32_O1_yes.newgt,0,129,0,129
icc_coreutils_32_O2_[.newgt,0,120,0,120
icc_coreutils_32_O2_base64.newgt,0,134,0,134
icc_coreutils_32_O2_basename.newgt,0,120,0,120
icc_coreutils_32_O2_cat.newgt,0,151,0,151
icc_coreutils_32_O2_chcon.newgt,0,198,0,198
icc_coreutils_32_O2_chgrp.newgt,0,191,0,191
icc_coreutils_32_O2_chmod.newgt,0,186,0,186
icc_coreutils_32_O2_chown.newgt,0,192,0,192
icc_coreutils_32_O2_chroot.newgt,0,123,0,123
icc_coreutils_32_O2_cksum.newgt,0,125,0,125
icc_coreutils_32_O2_comm.newgt,0,133,0,133
icc_coreutils_32_O2_cp.newgt,0,278,0,278
icc_coreutils_32_O2_csplit.newgt,0,213,0,213
icc_coreutils_32_O2_cut.newgt,0,157,0,157
icc_coreutils_32_O2_date.newgt,0,141,0,141
icc_coreutils_32_O2_dd.newgt,0,159,0,159
icc_coreutils_32_O2_df.newgt,0,239,0,239
icc_coreutils_32_O2_dir.newgt,0,274,0,274
icc_coreutils_32_O2_dircolors.newgt,0,122,0,122
icc_coreutils_32_O2_dirname.newgt,0,119,0,119
icc_coreutils_32_O2_du.newgt,0,258,0,258
icc_coreutils_32_O2_echo.newgt,0,108,0,108
icc_coreutils_32_O2_env.newgt,0,117,0,117
icc_coreutils_32_O2_expand.newgt,0,122,0,122
icc_coreutils_32_O2_expr.newgt,0,204,0,204
icc_coreutils_32_O2_factor.newgt,0,183,0,183
icc_coreutils_32_O2_false.newgt,0,108,0,108
icc_coreutils_32_O2_fmt.newgt,0,126,0,126
icc_coreutils_32_O2_fold.newgt,0,127,0,127
icc_coreutils_32_O2_getlimits.newgt,0,147,0,147
icc_coreutils_32_O2_ginstall.newgt,0,291,0,291
icc_coreutils_32_O2_groups.newgt,0,124,0,124
icc_coreutils_32_O2_head.newgt,0,128,0,128
icc_coreutils_32_O2_hostid.newgt,0,118,0,118
icc_coreutils_32_O2_id.newgt,0,124,0,124
icc_coreutils_32_O2_join.newgt,0,141,0,141
icc_coreutils_32_O2_kill.newgt,0,120,0,120
icc_coreutils_32_O2_link.newgt,0,118,0,118
icc_coreutils_32_O2_ln.newgt,0,193,0,193
icc_coreutils_32_O2_logname.newgt,0,118,0,118
icc_coreutils_32_O2_ls.newgt,0,274,0,274
icc_coreutils_32_O2_make-prime-list.newgt,0,31,0,31
icc_coreutils_32_O2_md5sum.newgt,0,132,0,132
icc_coreutils_32_O2_mkdir.newgt,0,152,0,152
icc_coreutils_32_O2_mkfifo.newgt,0,120,0,120
icc_coreutils_32_O2_mknod.newgt,0,123,0,123
icc_coreutils_32_O2_mktemp.newgt,0,145,0,145
icc_coreutils_32_O2_mv.newgt,0,285,0,285
icc_coreutils_32_O2_nice.newgt,0,118,0,118
icc_coreutils_32_O2_nl.newgt,0,204,0,204
icc_coreutils_32_O2_nohup.newgt,0,125,0,125
icc_coreutils_32_O2_nproc.newgt,0,119,0,119
icc_coreutils_32_O2_numfmt.newgt,0,149,0,149
icc_coreutils_32_O2_od.newgt,0,165,0,165
icc_coreutils_32_O2_paste.newgt,0,119,0,119
icc_coreutils_32_O2_pathchk.newgt,0,118,0,118
icc_coreutils_32_O2_pinky.newgt,0,131,0,131
icc_coreutils_32_O2_pr.newgt,0,148,0,148
icc_coreutils_32_O2_printenv.newgt,0,117,0,117
icc_coreutils_32_O2_printf.newgt,0,139,0,139
icc_coreutils_32_O2_ptx.newgt,0,237,0,237
icc_coreutils_32_O2_pwd.newgt,0,126,0,126
icc_coreutils_32_O2_readlink.newgt,0,167,0,167
icc_coreutils_32_O2_realpath.newgt,0,190,0,190
icc_coreutils_32_O2_rm.newgt,0,196,0,196
icc_coreutils_32_O2_rmdir.newgt,0,134,0,134
icc_coreutils_32_O2_runcon.newgt,0,120,0,120
icc_coreutils_32_O2_seq.newgt,0,139,0,139
icc_coreutils_32_O2_setuidgid.newgt,0,121,0,121
icc_coreutils_32_O2_sha1sum.newgt,0,132,0,132
icc_coreutils_32_O2_sha224sum.newgt,0,137,0,137
icc_coreutils_32_O2_sha256sum.newgt,0,137,0,137
icc_coreutils_32_O2_sha384sum.newgt,0,137,0,137
icc_coreutils_32_O2_sha512sum.newgt,0,137,0,137
icc_coreutils_32_O2_shred.newgt,0,163,0,163
icc_coreutils_32_O2_shuf.newgt,0,174,0,174
icc_coreutils_32_O2_sleep.newgt,0,122,0,122
icc_coreutils_32_O2_sort.newgt,0,245,0,245
icc_coreutils_32_O2_split.newgt,0,169,0,169
icc_coreutils_32_O2_stat.newgt,0,178,0,178
icc_coreutils_32_O2_stdbuf.newgt,0,172,0,172
icc_coreutils_32_O2_stty.newgt,0,139,0,139
icc_coreutils_32_O2_sum.newgt,0,140,0,140
icc_coreutils_32_O2_sync.newgt,0,118,0,118
icc_coreutils_32_O2_tac.newgt,0,201,0,201
icc_coreutils_32_O2_tail.newgt,0,175,0,175
icc_coreutils_32_O2_tee.newgt,0,122,0,122
icc_coreutils_32_O2_test.newgt,0,114,0,114
icc_coreutils_32_O2_timeout.newgt,0,153,0,153
icc_coreutils_32_O2_touch.newgt,0,163,0,163
icc_coreutils_32_O2_tr.newgt,0,132,0,132
icc_coreutils_32_O2_true.newgt,0,108,0,108
icc_coreutils_32_O2_truncate.newgt,0,149,0,149
icc_coreutils_32_O2_tsort.newgt,0,128,0,128
icc_coreutils_32_O2_tty.newgt,0,117,0,117
icc_coreutils_32_O2_uname.newgt,0,117,0,117
icc_coreutils_32_O2_unexpand.newgt,0,122,0,122
icc_coreutils_32_O2_uniq.newgt,0,139,0,139
icc_coreutils_32_O2_unlink.newgt,0,118,0,118
icc_coreutils_32_O2_uptime.newgt,0,128,0,128
icc_coreutils_32_O2_users.newgt,0,122,0,122
icc_coreutils_32_O2_vdir.newgt,0,274,0,274
icc_coreutils_32_O2_wc.newgt,0,137,0,137
icc_coreutils_32_O2_who.newgt,0,148,0,148
icc_coreutils_32_O2_whoami.newgt,0,118,0,118
icc_coreutils_32_O2_yes.newgt,0,118,0,118
icc_coreutils_32_O3_[.newgt,0,120,0,120
icc_coreutils_32_O3_base64.newgt,0,134,0,134
icc_coreutils_32_O3_basename.newgt,0,120,0,120
icc_coreutils_32_O3_cat.newgt,0,151,0,151
icc_coreutils_32_O3_chcon.newgt,0,198,0,198
icc_coreutils_32_O3_chgrp.newgt,0,191,0,191
icc_coreutils_32_O3_chmod.newgt,0,186,0,186
icc_coreutils_32_O3_chown.newgt,0,192,0,192
icc_coreutils_32_O3_chroot.newgt,0,123,0,123
icc_coreutils_32_O3_cksum.newgt,0,125,0,125
icc_coreutils_32_O3_comm.newgt,0,133,0,133
icc_coreutils_32_O3_cp.newgt,0,278,0,278
icc_coreutils_32_O3_csplit.newgt,0,213,0,213
icc_coreutils_32_O3_cut.newgt,0,157,0,157
icc_coreutils_32_O3_date.newgt,0,141,0,141
icc_coreutils_32_O3_dd.newgt,0,159,0,159
icc_coreutils_32_O3_df.newgt,0,239,0,239
icc_coreutils_32_O3_dir.newgt,0,274,0,274
icc_coreutils_32_O3_dircolors.newgt,0,122,0,122
icc_coreutils_32_O3_dirname.newgt,0,119,0,119
icc_coreutils_32_O3_du.newgt,0,258,0,258
icc_coreutils_32_O3_echo.newgt,0,108,0,108
icc_coreutils_32_O3_env.newgt,0,117,0,117
icc_coreutils_32_O3_expand.newgt,0,122,0,122
icc_coreutils_32_O3_expr.newgt,0,204,0,204
icc_coreutils_32_O3_factor.newgt,0,183,0,183
icc_coreutils_32_O3_false.newgt,0,108,0,108
icc_coreutils_32_O3_fmt.newgt,0,126,0,126
icc_coreutils_32_O3_fold.newgt,0,127,0,127
icc_coreutils_32_O3_getlimits.newgt,0,147,0,147
icc_coreutils_32_O3_ginstall.newgt,0,291,0,291
icc_coreutils_32_O3_groups.newgt,0,124,0,124
icc_coreutils_32_O3_head.newgt,0,128,0,128
icc_coreutils_32_O3_hostid.newgt,0,118,0,118
icc_coreutils_32_O3_id.newgt,0,124,0,124
icc_coreutils_32_O3_join.newgt,0,141,0,141
icc_coreutils_32_O3_kill.newgt,0,120,0,120
icc_coreutils_32_O3_link.newgt,0,118,0,118
icc_coreutils_32_O3_ln.newgt,0,193,0,193
icc_coreutils_32_O3_logname.newgt,0,118,0,118
icc_coreutils_32_O3_ls.newgt,0,274,0,274
icc_coreutils_32_O3_make-prime-list.newgt,0,31,0,31
icc_coreutils_32_O3_md5sum.newgt,0,132,0,132
icc_coreutils_32_O3_mkdir.newgt,0,152,0,152
icc_coreutils_32_O3_mkfifo.newgt,0,120,0,120
icc_coreutils_32_O3_mknod.newgt,0,123,0,123
icc_coreutils_32_O3_mktemp.newgt,0,145,0,145
icc_coreutils_32_O3_mv.newgt,0,285,0,285
icc_coreutils_32_O3_nice.newgt,0,118,0,118
icc_coreutils_32_O3_nl.newgt,0,204,0,204
icc_coreutils_32_O3_nohup.newgt,0,125,0,125
icc_coreutils_32_O3_nproc.newgt,0,119,0,119
icc_coreutils_32_O3_numfmt.newgt,0,149,0,149
icc_coreutils_32_O3_od.newgt,0,165,0,165
icc_coreutils_32_O3_paste.newgt,0,119,0,119
icc_coreutils_32_O3_pathchk.newgt,0,118,0,118
icc_coreutils_32_O3_pinky.newgt,0,131,0,131
icc_coreutils_32_O3_pr.newgt,0,148,0,148
icc_coreutils_32_O3_printenv.newgt,0,117,0,117
icc_coreutils_32_O3_printf.newgt,0,139,0,139
icc_coreutils_32_O3_ptx.newgt,0,237,0,237
icc_coreutils_32_O3_pwd.newgt,0,126,0,126
icc_coreutils_32_O3_readlink.newgt,0,167,0,167
icc_coreutils_32_O3_realpath.newgt,0,190,0,190
icc_coreutils_32_O3_rm.newgt,0,196,0,196
icc_coreutils_32_O3_rmdir.newgt,0,134,0,134
icc_coreutils_32_O3_runcon.newgt,0,120,0,120
icc_coreutils_32_O3_seq.newgt,0,139,0,139
icc_coreutils_32_O3_setuidgid.newgt,0,121,0,121
icc_coreutils_32_O3_sha1sum.newgt,0,132,0,132
icc_coreutils_32_O3_sha224sum.newgt,0,137,0,137
icc_coreutils_32_O3_sha256sum.newgt,0,137,0,137
icc_coreutils_32_O3_sha384sum.newgt,0,137,0,137
icc_coreutils_32_O3_sha512sum.newgt,0,137,0,137
icc_coreutils_32_O3_shred.newgt,0,163,0,163
icc_coreutils_32_O3_shuf.newgt,0,174,0,174
icc_coreutils_32_O3_sleep.newgt,0,122,0,122
icc_coreutils_32_O3_sort.newgt,0,245,0,245
icc_coreutils_32_O3_split.newgt,0,169,0,169
icc_coreutils_32_O3_stat.newgt,0,178,0,178
icc_coreutils_32_O3_stdbuf.newgt,0,172,0,172
icc_coreutils_32_O3_stty.newgt,0,139,0,139
icc_coreutils_32_O3_sum.newgt,0,140,0,140
icc_coreutils_32_O3_sync.newgt,0,118,0,118
icc_coreutils_32_O3_tac.newgt,0,201,0,201
icc_coreutils_32_O3_tail.newgt,0,175,0,175
icc_coreutils_32_O3_tee.newgt,0,122,0,122
icc_coreutils_32_O3_test.newgt,0,114,0,114
icc_coreutils_32_O3_timeout.newgt,0,153,0,153
icc_coreutils_32_O3_touch.newgt,0,163,0,163
icc_coreutils_32_O3_tr.newgt,0,132,0,132
icc_coreutils_32_O3_true.newgt,0,108,0,108
icc_coreutils_32_O3_truncate.newgt,0,149,0,149
icc_coreutils_32_O3_tsort.newgt,0,128,0,128
icc_coreutils_32_O3_tty.newgt,0,117,0,117
icc_coreutils_32_O3_uname.newgt,0,117,0,117
icc_coreutils_32_O3_unexpand.newgt,0,122,0,122
icc_coreutils_32_O3_uniq.newgt,0,139,0,139
icc_coreutils_32_O3_unlink.newgt,0,118,0,118
icc_coreutils_32_O3_uptime.newgt,0,128,0,128
icc_coreutils_32_O3_users.newgt,0,122,0,122
icc_coreutils_32_O3_vdir.newgt,0,274,0,274
icc_coreutils_32_O3_wc.newgt,0,137,0,137
icc_coreutils_32_O3_who.newgt,0,148,0,148
icc_coreutils_32_O3_whoami.newgt,0,118,0,118
icc_coreutils_32_O3_yes.newgt,0,118,0,118
icc_coreutils_64_O0_[.newgt,132,130,0,130
icc_coreutils_64_O0_base64.newgt,110,123,0,123
icc_coreutils_64_O0_basename.newgt,110,108,0,108
icc_coreutils_64_O0_cat.newgt,110,143,0,143
icc_coreutils_64_O0_chcon.newgt,110,226,0,226
icc_coreutils_64_O0_chgrp.newgt,110,216,0,216
icc_coreutils_64_O0_chmod.newgt,110,214,0,214
icc_coreutils_64_O0_chown.newgt,110,218,0,218
icc_coreutils_64_O0_chroot.newgt,110,111,0,111
icc_coreutils_64_O0_cksum.newgt,110,109,1,110
icc_coreutils_64_O0_comm.newgt,110,122,0,122
icc_coreutils_64_O0_cp.newgt,110,351,5,356
icc_coreutils_64_O0_csplit.newgt,110,317,0,317
icc_coreutils_64_O0_cut.newgt,110,168,0,168
icc_coreutils_64_O0_date.newgt,110,149,0,149
icc_coreutils_64_O0_dd.newgt,110,167,0,167
icc_coreutils_64_O0_df.newgt,110,278,5,283
icc_coreutils_64_O0_dir.newgt,110,353,0,353
icc_coreutils_64_O0_dircolors.newgt,110,111,0,111
icc_coreutils_64_O0_dirname.newgt,110,104,0,104
icc_coreutils_64_O0_du.newgt,110,323,0,323
icc_coreutils_64_O0_echo.newgt,122,94,0,94
icc_coreutils_64_O0_env.newgt,110,104,0,104
icc_coreutils_64_O0_expand.newgt,110,112,0,112
icc_coreutils_64_O0_expr.newgt,110,288,0,288
icc_coreutils_64_O0_factor.newgt,110,186,5,191
icc_coreutils_64_O0_false.newgt,110,91,1,92
icc_coreutils_64_O0_fmt.newgt,110,126,0,126
icc_coreutils_64_O0_fold.newgt,110,111,0,111
icc_coreutils_64_O0_getlimits.newgt,110,131,0,131
icc_coreutils_64_O0_ginstall.newgt,117,359,5,364
icc_coreutils_64_O0_groups.newgt,110,110,0,110
icc_coreutils_64_O0_head.newgt,110,127,0,127
icc_coreutils_64_O0_hostid.newgt,110,103,0,103
icc_coreutils_64_O0_id.newgt,110,114,0,114
icc_coreutils_64_O0_join.newgt,110,145,1,146
icc_coreutils_64_O0_kill.newgt,110,110,0,110
icc_coreutils_64_O0_link.newgt,110,103,0,103
icc_coreutils_64_O0_ln.newgt,110,199,0,199
icc_coreutils_64_O0_logname.newgt,110,103,0,103
icc_coreutils_64_O0_ls.newgt,110,353,0,353
icc_coreutils_64_O0_make-prime-list.newgt,0,15,0,15
icc_coreutils_64_O0_md5sum.newgt,110,127,1,128
icc_coreutils_64_O0_mkdir.newgt,117,144,5,149
icc_coreutils_64_O0_mkfifo.newgt,110,108,1,109
icc_coreutils_64_O0_mknod.newgt,110,113,0,113
icc_coreutils_64_O0_mktemp.newgt,110,139,0,139
icc_coreutils_64_O0_mv.newgt,110,389,5,394
icc_coreutils_64_O0_nice.newgt,110,108,0,108
icc_coreutils_64_O0_nl.newgt,110,283,1,284
icc_coreutils_64_O0_nohup.newgt,110,112,0,112
icc_coreutils_64_O0_nproc.newgt,110,107,0,107
icc_coreutils_64_O0_numfmt.newgt,110,165,5,170
icc_coreutils_64_O0_od.newgt,110,167,5,172
icc_coreutils_64_O0_paste.newgt,110,111,0,111
icc_coreutils_64_O0_pathchk.newgt,110,108,0,108
icc_coreutils_64_O0_pinky.newgt,110,124,0,124
icc_coreutils_64_O0_pr.newgt,110,172,0,172
icc_coreutils_64_O0_printenv.newgt,110,103,0,103
icc_coreutils_64_O0_printf.newgt,110,131,5,136
icc_coreutils_64_O0_ptx.newgt,110,326,0,326
icc_coreutils_64_O0_pwd.newgt,110,118,0,118
icc_coreutils_64_O0_readlink.newgt,110,165,0,165
icc_coreutils_64_O0_realpath.newgt,110,198,0,198
icc_coreutils_64_O0_rm.newgt,110,232,0,232
icc_coreutils_64_O0_rmdir.newgt,110,126,5,131
icc_coreutils_64_O0_runcon.newgt,110,106,1,107
icc_coreutils_64_O0_seq.newgt,110,131,5,136
icc_coreutils_64_O0_setuidgid.newgt,110,111,0,111
icc_coreutils_64_O0_sha1sum.newgt,110,128,0,128
icc_coreutils_64_O0_sha224sum.newgt,110,134,0,134
icc_coreutils_64_O0_sha256sum.newgt,110,133,1,134
icc_coreutils_64_O0_sha384sum.newgt,110,134,0,134
icc_coreutils_64_O0_sha512sum.newgt,110,134,0,134
icc_coreutils_64_O0_shred.newgt,110,164,0,164
icc_coreutils_64_O0_shuf.newgt,110,196,0,196
icc_coreutils_64_O0_sleep.newgt,110,110,0,110
icc_coreutils_64_O0_sort.newgt,110,323,0,323
icc_coreutils_64_O0_split.newgt,110,172,0,172
icc_coreutils_64_O0_stat.newgt,110,194,5,199
icc_coreutils_64_O0_stdbuf.newgt,110,163,6,169
icc_coreutils_64_O0_stty.newgt,110,148,5,153
icc_coreutils_64_O0_sum.newgt,110,125,0,125
icc_coreutils_64_O0_sync.newgt,110,103,0,103
icc_coreutils_64_O0_tac.newgt,110,280,0,280
icc_coreutils_64_O0_tail.newgt,110,218,0,218
icc_coreutils_64_O0_tee.newgt,110,111,0,111
icc_coreutils_64_O0_test.newgt,132,130,0,130
icc_coreutils_64_O0_timeout.newgt,110,146,0,146
icc_coreutils_64_O0_touch.newgt,110,174,0,174
icc_coreutils_64_O0_tr.newgt,111,145,1,146
icc_coreutils_64_O0_true.newgt,110,91,1,92
icc_coreutils_64_O0_truncate.newgt,110,139,0,139
icc_coreutils_64_O0_tsort.newgt,110,121,0,121
icc_coreutils_64_O0_tty.newgt,110,102,1,103
icc_coreutils_64_O0_uname.newgt,110,104,0,104
icc_coreutils_64_O0_unexpand.newgt,110,112,0,112
icc_coreutils_64_O0_uniq.newgt,110,135,0,135
icc_coreutils_64_O0_unlink.newgt,110,102,1,103
icc_coreutils_64_O0_uptime.newgt,110,116,0,116
icc_coreutils_64_O0_users.newgt,110,109,0,109
icc_coreutils_64_O0_vdir.newgt,110,353,0,353
icc_coreutils_64_O0_wc.newgt,110,131,0,131
icc_coreutils_64_O0_who.newgt,110,144,5,149
icc_coreutils_64_O0_whoami.newgt,110,103,0,103
icc_coreutils_64_O0_yes.newgt,110,104,0,104
icc_coreutils_64_O1_[.newgt,0,69,51,120
icc_coreutils_64_O1_base64.newgt,0,70,49,119
icc_coreutils_64_O1_basename.newgt,0,62,49,111
icc_coreutils_64_O1_cat.newgt,0,78,56,134
icc_coreutils_64_O1_chcon.newgt,0,144,61,205
icc_coreutils_64_O1_chgrp.newgt,0,135,59,194
icc_coreutils_64_O1_chmod.newgt,0,131,60,191
icc_coreutils_64_O1_chown.newgt,0,137,59,196
icc_coreutils_64_O1_chroot.newgt,0,65,49,114
icc_coreutils_64_O1_cksum.newgt,0,61,51,112
icc_coreutils_64_O1_comm.newgt,0,77,49,126
icc_coreutils_64_O1_cp.newgt,0,219,80,299
icc_coreutils_64_O1_csplit.newgt,0,202,54,256
icc_coreutils_64_O1_cut.newgt,0,94,59,153
icc_coreutils_64_O1_date.newgt,0,89,45,134
icc_coreutils_64_O1_dd.newgt,0,104,47,151
icc_coreutils_64_O1_df.newgt,0,169,70,239
icc_coreutils_64_O1_dir.newgt,0,238,52,290
icc_coreutils_64_O1_dircolors.newgt,0,64,49,113
icc_coreutils_64_O1_dirname.newgt,0,57,52,109
icc_coreutils_64_O1_du.newgt,0,211,61,272
icc_coreutils_64_O1_echo.newgt,0,49,51,100
icc_coreutils_64_O1_env.newgt,0,57,50,107
icc_coreutils_64_O1_expand.newgt,0,63,50,113
icc_coreutils_64_O1_expr.newgt,0,190,54,244
icc_coreutils_64_O1_factor.newgt,0,117,60,177
icc_coreutils_64_O1_false.newgt,0,48,51,99
icc_coreutils_64_O1_fmt.newgt,0,75,50,125
icc_coreutils_64_O1_fold.newgt,0,65,49,114
icc_coreutils_64_O1_getlimits.newgt,0,73,56,129
icc_coreutils_64_O1_ginstall.newgt,0,225,79,304
icc_coreutils_64_O1_groups.newgt,0,64,50,114
icc_coreutils_64_O1_head.newgt,0,73,49,122
icc_coreutils_64_O1_hostid.newgt,0,58,50,108
icc_coreutils_64_O1_id.newgt,0,66,50,116
icc_coreutils_64_O1_join.newgt,0,94,49,143
icc_coreutils_64_O1_kill.newgt,0,61,50,111
icc_coreutils_64_O1_link.newgt,0,59,49,108
icc_coreutils_64_O1_ln.newgt,0,124,60,184
icc_coreutils_64_O1_logname.newgt,0,58,50,108
icc_coreutils_64_O1_ls.newgt,0,238,52,290
icc_coreutils_64_O1_make-prime-list.newgt,0,20,0,20
icc_coreutils_64_O1_md5sum.newgt,0,71,52,123
icc_coreutils_64_O1_mkdir.newgt,0,88,57,145
icc_coreutils_64_O1_mkfifo.newgt,0,62,50,112
icc_coreutils_64_O1_mknod.newgt,0,66,50,116
icc_coreutils_64_O1_mktemp.newgt,0,81,52,133
icc_coreutils_64_O1_mv.newgt,0,245,79,324
icc_coreutils_64_O1_nice.newgt,0,60,50,110
icc_coreutils_64_O1_nl.newgt,0,183,54,237
icc_coreutils_64_O1_nohup.newgt,0,65,50,115
icc_coreutils_64_O1_nproc.newgt,0,64,48,112
icc_coreutils_64_O1_numfmt.newgt,0,98,54,152
icc_coreutils_64_O1_od.newgt,0,106,55,161
icc_coreutils_64_O1_paste.newgt,0,61,49,110
icc_coreutils_64_O1_pathchk.newgt,0,62,48,110
icc_coreutils_64_O1_pinky.newgt,0,65,54,119
icc_coreutils_64_O1_pr.newgt,0,106,49,155
icc_coreutils_64_O1_printenv.newgt,0,56,51,107
icc_coreutils_64_O1_printf.newgt,0,75,55,130
icc_coreutils_64_O1_ptx.newgt,0,215,57,272
icc_coreutils_64_O1_pwd.newgt,0,67,51,118
icc_coreutils_64_O1_readlink.newgt,0,96,62,158
icc_coreutils_64_O1_realpath.newgt,0,117,66,183
icc_coreutils_64_O1_rm.newgt,0,142,62,204
icc_coreutils_64_O1_rmdir.newgt,0,71,55,126
icc_coreutils_64_O1_runcon.newgt,0,59,52,111
icc_coreutils_64_O1_seq.newgt,0,74,55,129
icc_coreutils_64_O1_setuidgid.newgt,0,65,50,115
icc_coreutils_64_O1_sha1sum.newgt,0,71,52,123
icc_coreutils_64_O1_sha224sum.newgt,0,75,54,129
icc_coreutils_64_O1_sha256sum.newgt,0,75,54,129
icc_coreutils_64_O1_sha384sum.newgt,0,75,54,129
icc_coreutils_64_O1_sha512sum.newgt,0,75,54,129
icc_coreutils_64_O1_shred.newgt,0,106,48,154
icc_coreutils_64_O1_shuf.newgt,0,108,66,174
icc_coreutils_64_O1_sleep.newgt,0,63,50,113
icc_coreutils_64_O1_sort.newgt,0,207,59,266
icc_coreutils_64_O1_split.newgt,0,98,54,152
icc_coreutils_64_O1_stat.newgt,0,116,57,173
icc_coreutils_64_O1_stdbuf.newgt,0,98,57,155
icc_coreutils_64_O1_stty.newgt,0,89,55,144
icc_coreutils_64_O1_sum.newgt,0,77,48,125
icc_coreutils_64_O1_sync.newgt,0,57,51,108
icc_coreutils_64_O1_tac.newgt,0,178,53,231
icc_coreutils_64_O1_tail.newgt,0,120,59,179
icc_coreutils_64_O1_tee.newgt,0,61,51,112
icc_coreutils_64_O1_test.newgt,0,66,49,115
icc_coreutils_64_O1_timeout.newgt,0,82,55,137
icc_coreutils_64_O1_touch.newgt,0,111,47,158
icc_coreutils_64_O1_tr.newgt,0,81,49,130
icc_coreutils_64_O1_true.newgt,0,48,51,99
icc_coreutils_64_O1_truncate.newgt,0,78,54,132
icc_coreutils_64_O1_tsort.newgt,0,73,49,122
icc_coreutils_64_O1_tty.newgt,0,57,50,107
icc_coreutils_64_O1_uname.newgt,0,58,50,108
icc_coreutils_64_O1_unexpand.newgt,0,62,50,112
icc_coreutils_64_O1_uniq.newgt,0,89,48,137
icc_coreutils_64_O1_unlink.newgt,0,58,50,108
icc_coreutils_64_O1_uptime.newgt,0,66,51,117
icc_coreutils_64_O1_users.newgt,0,62,50,112
icc_coreutils_64_O1_vdir.newgt,0,238,52,290
icc_coreutils_64_O1_wc.newgt,0,76,54,130
icc_coreutils_64_O1_who.newgt,0,78,56,134
icc_coreutils_64_O1_whoami.newgt,0,58,50,108
icc_coreutils_64_O1_yes.newgt,0,57,51,108
icc_coreutils_64_O2_[.newgt,0,74,33,107
icc_coreutils_64_O2_base64.newgt,0,81,40,121
icc_coreutils_64_O2_basename.newgt,0,74,34,108
icc_coreutils_64_O2_cat.newgt,0,93,46,139
icc_coreutils_64_O2_chcon.newgt,1,132,50,182
icc_coreutils_64_O2_chgrp.newgt,0,125,49,174
icc_coreutils_64_O2_chmod.newgt,0,122,49,171
icc_coreutils_64_O2_chown.newgt,0,127,48,175
icc_coreutils_64_O2_chroot.newgt,0,75,34,109
icc_coreutils_64_O2_cksum.newgt,0,75,36,111
icc_coreutils_64_O2_comm.newgt,0,85,35,120
icc_coreutils_64_O2_cp.newgt,0,207,74,281
icc_coreutils_64_O2_csplit.newgt,0,147,44,191
icc_coreutils_64_O2_cut.newgt,0,99,43,142
icc_coreutils_64_O2_date.newgt,0,86,38,124
icc_coreutils_64_O2_dd.newgt,0,101,40,141
icc_coreutils_64_O2_df.newgt,0,158,64,222
icc_coreutils_64_O2_dir.newgt,0,183,72,255
icc_coreutils_64_O2_dircolors.newgt,0,75,35,110
icc_coreutils_64_O2_dirname.newgt,0,72,35,107
icc_coreutils_64_O2_du.newgt,0,183,55,238
icc_coreutils_64_O2_echo.newgt,0,64,33,97
icc_coreutils_64_O2_env.newgt,0,70,35,105
icc_coreutils_64_O2_expand.newgt,0,73,36,109
icc_coreutils_64_O2_expr.newgt,0,142,43,185
icc_coreutils_64_O2_factor.newgt,0,119,50,169
icc_coreutils_64_O2_false.newgt,0,64,33,97
icc_coreutils_64_O2_fmt.newgt,1,76,36,112
icc_coreutils_64_O2_fold.newgt,0,76,39,115
icc_coreutils_64_O2_getlimits.newgt,0,90,45,135
icc_coreutils_64_O2_ginstall.newgt,0,207,74,281
icc_coreutils_64_O2_groups.newgt,0,74,36,110
icc_coreutils_64_O2_head.newgt,0,78,34,112
icc_coreutils_64_O2_hostid.newgt,0,71,35,106
icc_coreutils_64_O2_id.newgt,0,75,35,110
icc_coreutils_64_O2_join.newgt,0,94,35,129
icc_coreutils_64_O2_kill.newgt,0,74,34,108
icc_coreutils_64_O2_link.newgt,0,71,35,106
icc_coreutils_64_O2_ln.newgt,1,124,53,177
icc_coreutils_64_O2_logname.newgt,0,71,35,106
icc_coreutils_64_O2_ls.newgt,0,183,72,255
icc_coreutils_64_O2_make-prime-list.newgt,0,22,2,24
icc_coreutils_64_O2_md5sum.newgt,0,79,38,117
icc_coreutils_64_O2_mkdir.newgt,0,95,45,140
icc_coreutils_64_O2_mkfifo.newgt,0,72,36,108
icc_coreutils_64_O2_mknod.newgt,0,73,36,109
icc_coreutils_64_O2_mktemp.newgt,0,92,38,130
icc_coreutils_64_O2_mv.newgt,0,216,72,288
icc_coreutils_64_O2_nice.newgt,0,71,35,106
icc_coreutils_64_O2_nl.newgt,0,139,45,184
icc_coreutils_64_O2_nohup.newgt,0,78,35,113
icc_coreutils_64_O2_nproc.newgt,0,72,35,107
icc_coreutils_64_O2_numfmt.newgt,1,92,43,135
icc_coreutils_64_O2_od.newgt,0,108,42,150
icc_coreutils_64_O2_paste.newgt,0,73,34,107
icc_coreutils_64_O2_pathchk.newgt,0,72,34,106
icc_coreutils_64_O2_pinky.newgt,0,80,37,117
icc_coreutils_64_O2_pr.newgt,0,97,36,133
icc_coreutils_64_O2_printenv.newgt,0,70,35,105
icc_coreutils_64_O2_printf.newgt,0,86,41,127
icc_coreutils_64_O2_ptx.newgt,0,163,52,215
icc_coreutils_64_O2_pwd.newgt,0,75,39,114
icc_coreutils_64_O2_readlink.newgt,0,103,49,152
icc_coreutils_64_O2_realpath.newgt,0,120,55,175
icc_coreutils_64_O2_rm.newgt,0,126,54,180
icc_coreutils_64_O2_rmdir.newgt,0,83,39,122
icc_coreutils_64_O2_runcon.newgt,0,71,37,108
icc_coreutils_64_O2_seq.newgt,0,85,40,125
icc_coreutils_64_O2_setuidgid.newgt,0,74,35,109
icc_coreutils_64_O2_sha1sum.newgt,0,79,38,117
icc_coreutils_64_O2_sha224sum.newgt,0,82,40,122
icc_coreutils_64_O2_sha256sum.newgt,0,82,40,122
icc_coreutils_64_O2_sha384sum.newgt,0,82,40,122
icc_coreutils_64_O2_sha512sum.newgt,0,82,40,122
icc_coreutils_64_O2_shred.newgt,0,102,44,146
icc_coreutils_64_O2_shuf.newgt,0,106,51,157
icc_coreutils_64_O2_sleep.newgt,0,76,35,111
icc_coreutils_64_O2_sort.newgt,0,169,58,227
icc_coreutils_64_O2_split.newgt,0,110,44,154
icc_coreutils_64_O2_stat.newgt,0,116,47,163
icc_coreutils_64_O2_stdbuf.newgt,0,110,49,159
icc_coreutils_64_O2_stty.newgt,0,88,40,128
icc_coreutils_64_O2_sum.newgt,0,83,42,125
icc_coreutils_64_O2_sync.newgt,0,71,35,106
icc_coreutils_64_O2_tac.newgt,0,138,43,181
icc_coreutils_64_O2_tail.newgt,0,110,47,157
icc_coreutils_64_O2_tee.newgt,0,74,36,110
icc_coreutils_64_O2_test.newgt,0,73,29,102
icc_coreutils_64_O2_timeout.newgt,0,96,44,140
icc_coreutils_64_O2_touch.newgt,0,104,44,148
icc_coreutils_64_O2_tr.newgt,1,83,35,118
icc_coreutils_64_O2_true.newgt,0,64,33,97
icc_coreutils_64_O2_truncate.newgt,0,89,45,134
icc_coreutils_64_O2_tsort.newgt,0,81,35,116
icc_coreutils_64_O2_tty.newgt,0,70,35,105
icc_coreutils_64_O2_uname.newgt,0,69,36,105
icc_coreutils_64_O2_unexpand.newgt,0,73,36,109
icc_coreutils_64_O2_uniq.newgt,0,89,38,127
icc_coreutils_64_O2_unlink.newgt,0,71,35,106
icc_coreutils_64_O2_uptime.newgt,0,79,35,114
icc_coreutils_64_O2_users.newgt,0,75,35,110
icc_coreutils_64_O2_vdir.newgt,0,183,72,255
icc_coreutils_64_O2_wc.newgt,0,83,40,123
icc_coreutils_64_O2_who.newgt,0,91,42,133
icc_coreutils_64_O2_whoami.newgt,0,71,35,106
icc_coreutils_64_O2_yes.newgt,0,71,35,106
icc_coreutils_64_O3_[.newgt,0,74,33,107
icc_coreutils_64_O3_base64.newgt,0,81,40,121
icc_coreutils_64_O3_basename.newgt,0,74,34,108
icc_coreutils_64_O3_cat.newgt,1,93,46,139
icc_coreutils_64_O3_chcon.newgt,0,132,50,182
icc_coreutils_64_O3_chgrp.newgt,0,125,49,174
icc_coreutils_64_O3_chmod.newgt,0,122,49,171
icc_coreutils_64_O3_chown.newgt,1,127,48,175
icc_coreutils_64_O3_chroot.newgt,0,75,34,109
icc_coreutils_64_O3_cksum.newgt,0,75,36,111
icc_coreutils_64_O3_comm.newgt,0,85,35,120
icc_coreutils_64_O3_cp.newgt,0,207,74,281
icc_coreutils_64_O3_csplit.newgt,0,147,44,191
icc_coreutils_64_O3_cut.newgt,0,99,43,142
icc_coreutils_64_O3_date.newgt,0,86,38,124
icc_coreutils_64_O3_dd.newgt,0,101,40,141
icc_coreutils_64_O3_df.newgt,0,158,64,222
icc_coreutils_64_O3_dir.newgt,0,207,48,255
icc_coreutils_64_O3_dircolors.newgt,0,75,35,110
icc_coreutils_64_O3_dirname.newgt,0,72,35,107
icc_coreutils_64_O3_du.newgt,0,183,55,238
icc_coreutils_64_O3_echo.newgt,0,64,33,97
icc_coreutils_64_O3_env.newgt,0,70,35,105
icc_coreutils_64_O3_expand.newgt,0,73,36,109
icc_coreutils_64_O3_expr.newgt,0,142,43,185
icc_coreutils_64_O3_factor.newgt,0,119,50,169
icc_coreutils_64_O3_false.newgt,0,64,33,97
icc_coreutils_64_O3_fmt.newgt,1,76,36,112
icc_coreutils_64_O3_fold.newgt,0,76,39,115
icc_coreutils_64_O3_getlimits.newgt,0,90,45,135
icc_coreutils_64_O3_ginstall.newgt,0,207,74,281
icc_coreutils_64_O3_groups.newgt,0,74,36,110
icc_coreutils_64_O3_head.newgt,0,78,34,112
icc_coreutils_64_O3_hostid.newgt,0,71,35,106
icc_coreutils_64_O3_id.newgt,0,75,35,110
icc_coreutils_64_O3_join.newgt,2,94,35,129
icc_coreutils_64_O3_kill.newgt,0,74,34,108
icc_coreutils_64_O3_link.newgt,0,71,35,106
icc_coreutils_64_O3_ln.newgt,1,124,53,177
icc_coreutils_64_O3_logname.newgt,0,71,35,106
icc_coreutils_64_O3_ls.newgt,0,207,48,255
icc_coreutils_64_O3_make-prime-list.newgt,0,22,2,24
icc_coreutils_64_O3_md5sum.newgt,0,79,38,117
icc_coreutils_64_O3_mkdir.newgt,2,95,45,140
icc_coreutils_64_O3_mkfifo.newgt,0,72,36,108
icc_coreutils_64_O3_mknod.newgt,0,73,36,109
icc_coreutils_64_O3_mktemp.newgt,0,92,38,130
icc_coreutils_64_O3_mv.newgt,0,216,72,288
icc_coreutils_64_O3_nice.newgt,0,71,35,106
icc_coreutils_64_O3_nl.newgt,0,139,45,184
icc_coreutils_64_O3_nohup.newgt,0,78,35,113
icc_coreutils_64_O3_nproc.newgt,0,72,35,107
icc_coreutils_64_O3_numfmt.newgt,0,92,43,135
icc_coreutils_64_O3_od.newgt,0,108,42,150
icc_coreutils_64_O3_paste.newgt,0,73,34,107
icc_coreutils_64_O3_pathchk.newgt,0,72,34,106
icc_coreutils_64_O3_pinky.newgt,0,80,37,117
icc_coreutils_64_O3_pr.newgt,0,97,36,133
icc_coreutils_64_O3_printenv.newgt,0,70,35,105
icc_coreutils_64_O3_printf.newgt,0,86,41,127
icc_coreutils_64_O3_ptx.newgt,0,163,52,215
icc_coreutils_64_O3_pwd.newgt,0,75,39,114
icc_coreutils_64_O3_readlink.newgt,0,103,49,152
icc_coreutils_64_O3_realpath.newgt,0,120,55,175
icc_coreutils_64_O3_rm.newgt,0,126,54,180
icc_coreutils_64_O3_rmdir.newgt,1,83,39,122
icc_coreutils_64_O3_runcon.newgt,0,71,37,108
icc_coreutils_64_O3_seq.newgt,0,85,40,125
icc_coreutils_64_O3_setuidgid.newgt,0,74,35,109
icc_coreutils_64_O3_sha1sum.newgt,0,79,38,117
icc_coreutils_64_O3_sha224sum.newgt,0,82,40,122
icc_coreutils_64_O3_sha256sum.newgt,0,82,40,122
icc_coreutils_64_O3_sha384sum.newgt,0,82,40,122
icc_coreutils_64_O3_sha512sum.newgt,0,82,40,122
icc_coreutils_64_O3_shred.newgt,0,102,44,146
icc_coreutils_64_O3_shuf.newgt,0,106,51,157
icc_coreutils_64_O3_sleep.newgt,0,76,35,111
icc_coreutils_64_O3_sort.newgt,0,169,58,227
icc_coreutils_64_O3_split.newgt,0,110,44,154
icc_coreutils_64_O3_stat.newgt,0,116,47,163
icc_coreutils_64_O3_stdbuf.newgt,0,110,49,159
icc_coreutils_64_O3_stty.newgt,0,88,40,128
icc_coreutils_64_O3_sum.newgt,0,83,42,125
icc_coreutils_64_O3_sync.newgt,0,71,35,106
icc_coreutils_64_O3_tac.newgt,0,138,43,181
icc_coreutils_64_O3_tail.newgt,0,110,47,157
icc_coreutils_64_O3_tee.newgt,0,74,36,110
icc_coreutils_64_O3_test.newgt,0,73,29,102
icc_coreutils_64_O3_timeout.newgt,0,96,44,140
icc_coreutils_64_O3_touch.newgt,0,104,44,148
icc_coreutils_64_O3_tr.newgt,1,83,35,118
icc_coreutils_64_O3_true.newgt,0,64,33,97
icc_coreutils_64_O3_truncate.newgt,0,89,45,134
icc_coreutils_64_O3_tsort.newgt,0,81,35,116
icc_coreutils_64_O3_tty.newgt,0,70,35,105
icc_coreutils_64_O3_uname.newgt,0,69,36,105
icc_coreutils_64_O3_unexpand.newgt,0,73,36,109
icc_coreutils_64_O3_uniq.newgt,0,89,38,127
icc_coreutils_64_O3_unlink.newgt,0,71,35,106
icc_coreutils_64_O3_uptime.newgt,0,79,35,114
icc_coreutils_64_O3_users.newgt,0,75,35,110
icc_coreutils_64_O3_vdir.newgt,0,207,48,255
icc_coreutils_64_O3_wc.newgt,0,83,40,123
icc_coreutils_64_O3_who.newgt,0,91,42,133
icc_coreutils_64_O3_whoami.newgt,0,71,35,106
icc_coreutils_64_O3_yes.newgt,0,71,35,106
icc_findutils_32_O0_bigram.newgt,0,45,0,45
icc_findutils_32_O0_code.newgt,0,55,0,55
icc_findutils_32_O0_find.newgt,0,532,0,532
icc_findutils_32_O0_frcode.newgt,0,52,0,52
icc_findutils_32_O0_locate.newgt,0,149,0,149
icc_findutils_32_O0_oldfind.newgt,0,522,0,522
icc_findutils_32_O0_xargs.newgt,0,88,0,88
icc_findutils_32_O1_bigram.newgt,0,55,0,55
icc_findutils_32_O1_code.newgt,0,63,0,63
icc_findutils_32_O1_find.newgt,0,490,0,490
icc_findutils_32_O1_frcode.newgt,0,60,0,60
icc_findutils_32_O1_locate.newgt,0,137,0,137
icc_findutils_32_O1_oldfind.newgt,0,491,0,491
icc_findutils_32_O1_xargs.newgt,0,92,0,92
icc_findutils_32_O2_bigram.newgt,0,73,0,73
icc_findutils_32_O2_code.newgt,0,78,0,78
icc_findutils_32_O2_find.newgt,0,423,0,423
icc_findutils_32_O2_frcode.newgt,0,76,0,76
icc_findutils_32_O2_locate.newgt,0,147,0,147
icc_findutils_32_O2_oldfind.newgt,0,431,0,431
icc_findutils_32_O2_xargs.newgt,0,104,0,104
icc_findutils_32_O3_bigram.newgt,0,73,0,73
icc_findutils_32_O3_code.newgt,0,78,0,78
icc_findutils_32_O3_find.newgt,0,423,0,423
icc_findutils_32_O3_frcode.newgt,0,76,0,76
icc_findutils_32_O3_locate.newgt,0,147,0,147
icc_findutils_32_O3_oldfind.newgt,0,431,0,431
icc_findutils_32_O3_xargs.newgt,0,104,0,104
icc_findutils_64_O0_bigram.newgt,0,45,0,45
icc_findutils_64_O0_code.newgt,0,55,0,55
icc_findutils_64_O0_find.newgt,0,685,3,688
icc_findutils_64_O0_frcode.newgt,0,52,0,52
icc_findutils_64_O0_locate.newgt,0,307,0,307
icc_findutils_64_O0_oldfind.newgt,0,675,3,678
icc_findutils_64_O0_xargs.newgt,0,88,0,88
icc_findutils_64_O1_bigram.newgt,0,32,15,47
icc_findutils_64_O1_code.newgt,0,42,13,55
icc_findutils_64_O1_find.newgt,0,429,119,548
icc_findutils_64_O1_frcode.newgt,0,37,15,52
icc_findutils_64_O1_locate.newgt,0,205,21,226
icc_findutils_64_O1_oldfind.newgt,0,425,123,548
icc_findutils_64_O1_xargs.newgt,0,66,16,82
icc_findutils_64_O2_bigram.newgt,0,43,20,63
icc_findutils_64_O2_code.newgt,0,48,20,68
icc_findutils_64_O2_find.newgt,1,336,125,461
icc_findutils_64_O2_frcode.newgt,0,45,21,66
icc_findutils_64_O2_locate.newgt,0,161,37,198
icc_findutils_64_O2_oldfind.newgt,2,341,127,468
icc_findutils_64_O2_xargs.newgt,0,69,24,93
icc_findutils_64_O3_bigram.newgt,0,43,20,63
icc_findutils_64_O3_code.newgt,0,48,20,68
icc_findutils_64_O3_find.newgt,0,336,125,461
icc_findutils_64_O3_frcode.newgt,0,45,21,66
icc_findutils_64_O3_locate.newgt,0,160,38,198
icc_findutils_64_O3_oldfind.newgt,0,341,127,468
icc_findutils_64_O3_xargs.newgt,0,69,24,93
imagevalidate_511_base.icc_x64_O0-m64.newgt,2,27,8,35
imagevalidate_511_base.icc_x64_O1-m64.newgt,3,35,9,44
imagevalidate_511_base.icc_x64_O2-m64.newgt,5,40,8,48
imagevalidate_511_base.icc_x64_O3-m64.newgt,5,40,8,48
imagevalidate_511_base.icc_x86_O0-m32.newgt,1,33,11,44
imagevalidate_511_base.icc_x86_O1-m32.newgt,1,37,24,61
imagevalidate_511_base.icc_x86_O2-m32.newgt,533,31,26,57
imagick_r_base.icc_x64_O0-m64.newgt,93,3115,62,3177
imagick_r_base.icc_x64_O1-m64.newgt,102,1828,739,2567
imagick_r_base.icc_x64_O2-m64.newgt,128,1693,749,2442
imagick_r_base.icc_x64_O3-m64.newgt,129,1691,751,2442
imagick_r_base.icc_x86_O0-m32.newgt,94,2236,978,3214
imagick_r_base.icc_x86_O1-m32.newgt,5,1846,1191,3037
imagick_r_base.icc_x86_O2-m32.newgt,1347,1327,1160,2487
imagick_r_base.icc_x86_O3-m32.newgt,1347,1329,1158,2487
lbm_base.x32_O0_icc.newgt,1,57,0,57
lbm_base.x32_O1_icc.newgt,1,67,0,67
lbm_base.x32_O2_icc.newgt,1,58,0,58
lbm_base.x32_O3_icc.newgt,1,58,0,58
lbm_base.x64_O0_icc.newgt,2,33,8,41
lbm_base.x64_O1_icc.newgt,3,47,9,56
lbm_base.x64_O2_icc.newgt,6,43,12,55
lbm_base.x64_O3_icc.newgt,6,43,12,55
lbm_r_base.icc_x64_O0-m64.newgt,2,34,8,42
lbm_r_base.icc_x64_O1-m64.newgt,3,42,9,51
lbm_r_base.icc_x64_O2-m64.newgt,2,30,5,35
lbm_r_base.icc_x64_O3-m64.newgt,2,30,5,35
lbm_r_base.icc_x86_O0-m32.newgt,1,39,12,51
lbm_r_base.icc_x86_O1-m32.newgt,1,45,16,61
lbm_r_base.icc_x86_O2-m32.newgt,1,29,8,37
lbm_r_base.icc_x86_O3-m32.newgt,1,29,8,37
ldecod_r_base.icc_x64_O0-m64.newgt,8,998,10,1008
ldecod_r_base.icc_x64_O1-m64.newgt,9,705,74,779
ldecod_r_base.icc_x64_O2-m64.newgt,13,587,149,736
ldecod_r_base.icc_x64_O3-m64.newgt,13,586,150,736
ldecod_r_base.icc_x86_O0-m32.newgt,5,891,120,1011
ldecod_r_base.icc_x86_O1-m32.newgt,1,692,314,1006
ldecod_r_base.icc_x86_O2-m32.newgt,1075,422,328,750
ldecod_r_base.icc_x86_O3-m32.newgt,1075,422,328,750
leela_r_base.icc_x64_O0-m64.newgt,0,1727,0,1727
leela_r_base.icc_x64_O1-m64.newgt,1,459,92,551
leela_r_base.icc_x64_O2-m64.newgt,3,349,112,461
leela_r_base.icc_x64_O3-m64.newgt,4,349,112,461
leela_r_base.icc_x86_O0-m32.newgt,15,1681,44,1725
leela_r_base.icc_x86_O1-m32.newgt,1,542,170,712
leela_r_base.icc_x86_O2-m32.newgt,1347,320,184,504
leela_r_base.icc_x86_O3-m32.newgt,1348,320,184,504
leslie3d_base.x32_O0_icc.newgt,71,618,0,618
leslie3d_base.x32_O1_icc.newgt,71,516,0,516
leslie3d_base.x32_O2_icc.newgt,71,518,0,518
leslie3d_base.x32_O3_icc.newgt,71,518,0,518
leslie3d_base.x64_O0_icc.newgt,347,500,47,547
leslie3d_base.x64_O1_icc.newgt,315,457,40,497
leslie3d_base.x64_O2_icc.newgt,315,461,41,502
leslie3d_base.x64_O3_icc.newgt,315,461,41,502
libquantum_base.x32_O0_icc.newgt,2,191,0,191
libquantum_base.x32_O1_icc.newgt,1,210,0,210
libquantum_base.x32_O2_icc.newgt,1,133,0,133
libquantum_base.x32_O3_icc.newgt,1,133,0,133
libquantum_base.x64_O0_icc.newgt,15,161,12,173
libquantum_base.x64_O1_icc.newgt,16,143,17,160
libquantum_base.x64_O2_icc.newgt,15,130,26,156
libquantum_base.x64_O3_icc.newgt,15,130,26,156
mcf_base.x32_O0_icc.newgt,1,33,0,33
mcf_base.x32_O1_icc.newgt,1,54,0,54
mcf_base.x32_O2_icc.newgt,1,53,0,53
mcf_base.x32_O3_icc.newgt,1,53,0,53
mcf_base.x64_O0_icc.newgt,0,31,0,31
mcf_base.x64_O1_icc.newgt,1,44,2,46
mcf_base.x64_O2_icc.newgt,1,41,6,47
mcf_base.x64_O3_icc.newgt,1,41,6,47
mcf_r_base.icc_x64_O0-m64.newgt,0,47,0,47
mcf_r_base.icc_x64_O1-m64.newgt,1,53,3,56
mcf_r_base.icc_x64_O2-m64.newgt,2,46,10,56
mcf_r_base.icc_x64_O3-m64.newgt,2,46,10,56
mcf_r_base.icc_x86_O0-m32.newgt,1,47,4,51
mcf_r_base.icc_x86_O1-m32.newgt,1,55,21,76
mcf_r_base.icc_x86_O2-m32.newgt,1,44,23,67
mcf_r_base.icc_x86_O3-m32.newgt,1,44,23,67
milc_base.x32_O0_icc.newgt,1,281,0,281
milc_base.x32_O1_icc.newgt,1,355,0,355
milc_base.x32_O2_icc.newgt,68,300,0,300
milc_base.x32_O3_icc.newgt,68,300,0,300
milc_base.x64_O0_icc.newgt,7,266,10,276
milc_base.x64_O1_icc.newgt,8,264,17,281
milc_base.x64_O2_icc.newgt,10,246,59,305
milc_base.x64_O3_icc.newgt,10,250,55,305
nab_r_base.icc_x64_O0-m64.newgt,24,391,18,409
nab_r_base.icc_x64_O1-m64.newgt,25,268,80,348
nab_r_base.icc_x64_O2-m64.newgt,27,245,85,330
nab_r_base.icc_x64_O3-m64.newgt,27,246,84,330
nab_r_base.icc_x86_O0-m32.newgt,1,302,125,427
nab_r_base.icc_x86_O1-m32.newgt,1,241,162,403
nab_r_base.icc_x86_O2-m32.newgt,1347,150,172,322
nab_r_base.icc_x86_O3-m32.newgt,1347,150,172,322
namd_base.x32_O0_icc.newgt,1,226,0,226
namd_base.x32_O1_icc.newgt,1,205,0,205
namd_base.x32_O2_icc.newgt,68,173,0,173
namd_base.x32_O3_icc.newgt,68,173,0,173
namd_base.x64_O0_icc.newgt,11,200,10,210
namd_base.x64_O1_icc.newgt,12,152,18,170
namd_base.x64_O2_icc.newgt,19,164,25,189
namd_base.x64_O3_icc.newgt,19,164,25,189
namd_r_base.icc_x64_O0-m64.newgt,18,283,10,293
namd_r_base.icc_x64_O1-m64.newgt,19,216,23,239
namd_r_base.icc_x64_O2-m64.newgt,23,199,30,229
namd_r_base.icc_x64_O3-m64.newgt,23,194,35,229
namd_r_base.icc_x86_O0-m32.newgt,1,273,36,309
namd_r_base.icc_x86_O1-m32.newgt,1,219,53,272
namd_r_base.icc_x86_O2-m32.newgt,1075,171,42,213
namd_r_base.icc_x86_O3-m32.newgt,1075,171,42,213
omnetpp_base.x32_O0_icc.newgt,2,3108,0,3108
omnetpp_base.x32_O1_icc.newgt,1,2897,0,2897
omnetpp_base.x32_O2_icc.newgt,68,2485,0,2485
omnetpp_base.x32_O3_icc.newgt,68,2485,0,2485
omnetpp_base.x64_O0_icc.newgt,46,3061,25,3086
omnetpp_base.x64_O1_icc.newgt,48,1983,406,2389
omnetpp_base.x64_O2_icc.newgt,56,1942,454,2396
omnetpp_base.x64_O3_icc.newgt,56,1945,451,2396
omnetpp_r_base.icc_x64_O0-m64.newgt,47,12984,34,13018
omnetpp_r_base.icc_x64_O1-m64.newgt,49,6755,967,7722
omnetpp_r_base.icc_x64_O2-m64.newgt,59,6028,1252,7280
omnetpp_r_base.icc_x64_O3-m64.newgt,61,6032,1248,7280
omnetpp_r_base.icc_x86_O0-m32.newgt,333,12791,250,13041
omnetpp_r_base.icc_x86_O1-m32.newgt,1,7209,2011,9220
omnetpp_r_base.icc_x86_O2-m32.newgt,1348,6044,1637,7681
omnetpp_r_base.icc_x86_O3-m32.newgt,1348,6046,1636,7682
parest_r_base.icc_x64_O0-m64.newgt,46,61834,28,61862
parest_r_base.icc_x64_O1-m64.newgt,48,17875,8196,26071
parest_r_base.icc_x64_O2-m64.newgt,87,14547,7816,22363
parest_r_base.icc_x64_O3-m64.newgt,85,14569,7794,22363
parest_r_base.icc_x86_O0-m32.newgt,622,59589,2240,61829
parest_r_base.icc_x86_O1-m32.newgt,3,16528,10616,27144
parest_r_base.icc_x86_O2-m32.newgt,1347,11842,10628,22470
parest_r_base.icc_x86_O3-m32.newgt,1347,11794,10674,22468
perlbench_base.x32_O0_icc.newgt,24,1993,0,1993
perlbench_base.x32_O1_icc.newgt,1,2294,0,2294
perlbench_base.x32_O2_icc.newgt,68,1950,0,1950
perlbench_base.x32_O3_icc.newgt,68,1950,0,1950
perlbench_base.x64_O0_icc.newgt,30,1954,27,1981
perlbench_base.x64_O1_icc.newgt,31,1697,204,1901
perlbench_base.x64_O2_icc.newgt,33,1641,240,1881
perlbench_base.x64_O3_icc.newgt,36,1644,237,1881
perlbench_r_base.icc_x64_O0-m64.newgt,32,3117,28,3145
perlbench_r_base.icc_x64_O1-m64.newgt,34,2495,393,2888
perlbench_r_base.icc_x64_O2-m64.newgt,40,2258,430,2688
perlbench_r_base.icc_x64_O3-m64.newgt,39,2259,429,2688
perlbench_r_base.icc_x86_O0-m32.newgt,64,2600,564,3164
perlbench_r_base.icc_x86_O1-m32.newgt,4,2486,903,3389
perlbench_r_base.icc_x86_O2-m32.newgt,1348,1935,911,2846
perlbench_r_base.icc_x86_O3-m32.newgt,1348,1937,909,2846
povray_base.x32_O0_icc.newgt,36,2302,0,2302
povray_base.x32_O1_icc.newgt,1,2379,0,2379
povray_base.x32_O2_icc.newgt,68,2075,0,2075
povray_base.x32_O3_icc.newgt,68,2075,0,2075
povray_base.x64_O0_icc.newgt,75,2257,39,2296
povray_base.x64_O1_icc.newgt,76,1706,254,1960
povray_base.x64_O2_icc.newgt,98,1615,330,1945
povray_base.x64_O3_icc.newgt,97,1613,332,1945
povray_r_base.icc_x64_O0-m64.newgt,65,2239,28,2267
povray_r_base.icc_x64_O1-m64.newgt,67,1690,248,1938
povray_r_base.icc_x64_O2-m64.newgt,83,1583,320,1903
povray_r_base.icc_x64_O3-m64.newgt,83,1587,316,1903
povray_r_base.icc_x86_O0-m32.newgt,36,2113,167,2280
povray_r_base.icc_x86_O1-m32.newgt,1,1827,534,2361
povray_r_base.icc_x86_O2-m32.newgt,1347,1529,524,2053
roms_r_base.icc_x64_O0-m64.newgt,390,1002,55,1057
roms_r_base.icc_x64_O1-m64.newgt,391,992,67,1059
roms_r_base.icc_x64_O2-m64.newgt,377,977,82,1059
roms_r_base.icc_x64_O3-m64.newgt,377,987,72,1059
roms_r_base.icc_x86_O0-m32.newgt,1350,563,569,1132
roms_r_base.icc_x86_O1-m32.newgt,1350,542,594,1136
roms_r_base.icc_x86_O2-m32.newgt,1350,517,564,1081
roms_r_base.icc_x86_O3-m32.newgt,1350,517,564,1081
sgcc_base.icc_x64_O0-m64.newgt,10,26826,10,26836
sgcc_base.icc_x64_O1-m64.newgt,18,13350,2149,15499
sgcc_base.icc_x64_O2-m64.newgt,49,10975,2345,13320
sgcc_base.icc_x64_O3-m64.newgt,51,11000,2320,13320
sjeng_base.x32_O0_icc.newgt,1,153,0,153
sjeng_base.x32_O1_icc.newgt,1,204,0,204
sjeng_base.x32_O2_icc.newgt,1,192,0,192
sjeng_base.x32_O3_icc.newgt,1,192,0,192
sjeng_base.x64_O0_icc.newgt,0,151,0,151
sjeng_base.x64_O1_icc.newgt,1,152,12,164
sjeng_base.x64_O2_icc.newgt,4,143,27,170
sjeng_base.x64_O3_icc.newgt,4,144,26,170
soplex_base.x32_O0_icc.newgt,6,1606,0,1606
soplex_base.x32_O1_icc.newgt,1,1272,0,1272
soplex_base.x32_O2_icc.newgt,68,1017,0,1017
soplex_base.x32_O3_icc.newgt,68,1017,0,1017
soplex_base.x64_O0_icc.newgt,7,1591,10,1601
soplex_base.x64_O1_icc.newgt,9,926,112,1038
soplex_base.x64_O2_icc.newgt,11,844,159,1003
soplex_base.x64_O3_icc.newgt,11,847,156,1003
specrand_base.x32_O0_icc.newgt,1,12,0,12
specrand_base.x32_O1_icc.newgt,1,28,0,28
specrand_base.x32_O2_icc.newgt,1,28,0,28
specrand_base.x32_O3_icc.newgt,1,28,0,28
specrand_base.x64_O0_icc.newgt,0,10,0,10
specrand_base.x64_O1_icc.newgt,1,24,1,25
specrand_base.x64_O2_icc.newgt,1,24,1,25
specrand_base.x64_O3_icc.newgt,1,24,1,25
specrand_fr_base.icc_x64_O0-m64.newgt,0,20,0,20
specrand_fr_base.icc_x64_O1-m64.newgt,1,22,7,29
specrand_fr_base.icc_x64_O2-m64.newgt,2,20,10,30
specrand_fr_base.icc_x64_O3-m64.newgt,2,20,10,30
specrand_fr_base.icc_x86_O0-m32.newgt,1,15,7,22
specrand_fr_base.icc_x86_O1-m32.newgt,1,22,11,33
specrand_fr_base.icc_x86_O2-m32.newgt,1,20,12,32
specrand_fr_base.icc_x86_O3-m32.newgt,1,20,12,32
speed_bwaves_base.icc_x64_O0-m64.newgt,326,384,38,422
speed_bwaves_base.icc_x64_O1-m64.newgt,320,384,38,422
speed_bwaves_base.icc_x64_O2-m64.newgt,320,387,38,425
speed_bwaves_base.icc_x64_O3-m64.newgt,320,387,38,425
speed_pop2_base.icc_x64_O0-m64.newgt,611,4511,59,4570
speed_pop2_base.icc_x64_O1-m64.newgt,609,3854,554,4408
speed_pop2_base.icc_x64_O2-m64.newgt,633,3761,654,4415
speed_pop2_base.icc_x64_O3-m64.newgt,634,3760,655,4415
sphinx_livepretend_base.x32_O0_icc.newgt,1,462,0,462
sphinx_livepretend_base.x32_O1_icc.newgt,1,487,0,487
sphinx_livepretend_base.x32_O2_icc.newgt,68,418,0,418
sphinx_livepretend_base.x32_O3_icc.newgt,68,418,0,418
sphinx_livepretend_base.x64_O0_icc.newgt,26,431,14,445
sphinx_livepretend_base.x64_O1_icc.newgt,27,350,63,413
sphinx_livepretend_base.x64_O2_icc.newgt,37,358,83,441
sphinx_livepretend_base.x64_O3_icc.newgt,37,358,83,441
sroms_base.icc_x64_O0-m64.newgt,417,1002,55,1057
sroms_base.icc_x64_O1-m64.newgt,418,992,67,1059
sroms_base.icc_x64_O2-m64.newgt,404,984,75,1059
sroms_base.icc_x64_O3-m64.newgt,404,986,73,1059
tonto_base.x32_O0_icc.newgt,77,4915,0,4915
tonto_base.x32_O1_icc.newgt,71,7125,0,7125
tonto_base.x32_O2_icc.newgt,71,5538,0,5538
tonto_base.x32_O3_icc.newgt,71,5536,0,5536
tonto_base.x64_O0_icc.newgt,418,4767,53,4820
tonto_base.x64_O1_icc.newgt,420,4341,479,4820
tonto_base.x64_O2_icc.newgt,416,3834,1083,4917
tonto_base.x64_O3_icc.newgt,414,3833,1084,4917
wrf_base.x32_O0_icc.newgt,71,3834,0,3834
wrf_base.x32_O1_icc.newgt,71,4084,0,4084
wrf_base.x32_O2_icc.newgt,80,3897,0,3897
wrf_base.x32_O3_icc.newgt,80,3892,0,3892
wrf_base.x64_O0_icc.newgt,406,3717,59,3776
wrf_base.x64_O1_icc.newgt,412,2877,753,3630
wrf_base.x64_O2_icc.newgt,448,2770,938,3708
wrf_base.x64_O3_icc.newgt,448,2755,948,3703
wrf_r_base.icc_x64_O0-m64.newgt,488,8531,98,8629
wrf_r_base.icc_x64_O1-m64.newgt,486,6081,2422,8503
wrf_r_base.icc_x64_O2-m64.newgt,537,5783,2815,8598
wrf_r_base.icc_x64_O3-m64.newgt,541,5784,2826,8610
wrf_r_base.icc_x86_O0-m32.newgt,1380,5253,3494,8747
wrf_r_base.icc_x86_O1-m32.newgt,1350,5163,5180,10343
wrf_r_base.icc_x86_O2-m32.newgt,1365,4217,5162,9379
wrf_r_base.icc_x86_O3-m32.newgt,1372,4227,5159,9386
x264_r_base.icc_x64_O0-m64.newgt,34,917,26,943
x264_r_base.icc_x64_O1-m64.newgt,35,692,51,743
x264_r_base.icc_x64_O2-m64.newgt,54,644,61,705
x264_r_base.icc_x64_O3-m64.newgt,54,647,58,705
x264_r_base.icc_x86_O0-m32.newgt,6,877,71,948
x264_r_base.icc_x86_O1-m32.newgt,1,668,157,825
x264_r_base.icc_x86_O2-m32.newgt,1347,448,224,672
x264_r_base.icc_x86_O3-m32.newgt,1347,449,223,672
Xalan_base.x32_O0_icc.newgt,162,32576,0,32576
Xalan_base.x32_O1_icc.newgt,1,20912,1,20913
Xalan_base.x32_O2_icc.newgt,69,16674,1,16675
Xalan_base.x32_O3_icc.newgt,70,16675,1,16676
Xalan_base.x64_O0_icc.newgt,38,32479,38,32517
Xalan_base.x64_O1_icc.newgt,41,14318,2885,17203
Xalan_base.x64_O2_icc.newgt,45,12934,3022,15956
Xalan_base.x64_O3_icc.newgt,47,12932,3024,15956
xz_r_base.icc_x64_O0-m64.newgt,0,549,0,549
xz_r_base.icc_x64_O1-m64.newgt,1,365,73,438
xz_r_base.icc_x64_O2-m64.newgt,5,339,70,409
xz_r_base.icc_x64_O3-m64.newgt,5,342,67,409
xz_r_base.icc_x86_O0-m32.newgt,1,461,93,554
xz_r_base.icc_x86_O1-m32.newgt,1,353,137,490
xz_r_base.icc_x86_O2-m32.newgt,1347,266,154,420
xz_r_base.icc_x86_O3-m32.newgt,1347,265,155,420
zeusmp_base.x32_O0_icc.newgt,71,677,0,677
zeusmp_base.x32_O1_icc.newgt,71,648,0,648
zeusmp_base.x32_O2_icc.newgt,71,579,0,579
zeusmp_base.x32_O3_icc.newgt,67,579,0,579
zeusmp_base.x64_O0_icc.newgt,335,560,47,607
zeusmp_base.x64_O1_icc.newgt,326,548,50,598
zeusmp_base.x64_O2_icc.newgt,296,506,36,542
zeusmp_base.x64_O3_icc.newgt,296,506,36,542
